5.120460689068120352e-01
1.210928626666616825e+00
3.766936181181190779e-01
1.020705288700043623e+00
8.587240324786774570e-01
1.456194576556175679e+00
2.266962203662783004e+00
5.635617620141137873e-01
8.778994176613972300e-01
1.102459280603146130e+00
1.026655894033432048e+00
8.997201432571314550e-01
6.755978256027128648e-01
1.017330294081163045e+00
5.078723810141427819e-01
1.362788624035717433e+00
1.123304546206775889e+00
6.614884049040975489e-01
1.655952316056533036e+00
1.060815128413159947e+00
3.621041563371871774e-01
3.094608556920309117e-01
1.593507638675037974e+00
1.974546434695073072e-01
2.539863955428875997e-01
1.875962985325891008e+00
5.114434052545803189e-01
8.012199734299103593e-01
6.400040587910411916e-02
2.265453309886893418e-01
1.585165060472518428e-01
1.297151431330541671e+00
4.496707580392650949e-01
1.069891724277709288e+00
2.400630276159005094e-01
1.596918813167774953e+00
5.882882533361046828e-01
3.665784317294802364e-01
8.535872411476670418e-01
4.799785202913651183e-01
1.661331382906199861e-01
9.425160860588187584e-01
6.751700790339223435e-01
1.187306333659321034e+00
5.793105600670593880e-01
2.267063994233539936e-01
1.879592015089081691e+00
1.181836031265494080e+00
1.167816083228937929e+00
1.208535413610369869e+00
1.574160338894069033e+00
1.257996032886234961e+00
7.923792604062765976e-01
8.760376825355202790e-01
1.937701577802974029e+00
1.048066377267612426e+00
1.358292725424441683e+00
3.620489712432249652e-02
5.175895763561899621e-01
9.938074787924906506e-01
8.646314139303246105e-01
2.406784164639702017e-01
1.171630632786656134e+00
5.897041016619497533e-01
1.924312740025373003e+00
6.598990400568616188e-01
1.762267186011334363e+00
1.953587638923762082e+00
1.200910261703048432e-01
1.051808951087486843e+00
5.919491801226494099e-01
8.581024501554967987e-01
7.717172976330204381e-01
9.529618165598539026e-01
1.327671009030878313e+00
1.139410908721447013e+00
5.181281056493984849e-01
5.938093873168186487e-01
7.646798221779296245e-01
9.890780246568253720e-01
2.265207477779735079e+00
1.497612177625334828e+00
1.200604093481223433e+00
9.810670906255247736e-01
9.078353918283842416e-01
8.543772291006377362e-01
1.219841592806883313e+00
3.325329836584410836e-01
7.514316198119761481e-01
7.596507708042943285e-01
8.512673330879449995e-01
2.416506552235511696e-01
2.371548570933514621e-01
7.405876599403131699e-01
4.321352911546506581e-01
6.587628081624171683e-01
1.081535991760572912e+00
1.260549454087992682e+00
1.346784767855677689e+00
5.175480670739205369e-01
3.180536405777474873e-01
6.479789988033777259e-01
5.543150668996171815e-01
7.040309352166480572e-01
4.088007587605670956e-01
6.847162741459842383e-01
1.756838517380705289e+00
7.823096830871731910e-01
1.237709203750197773e+00
1.365212698628720300e+00
4.775082525126241872e-01
1.309728313840554659e+00
1.058476196817537129e+00
6.448832540221471898e-01
9.524848608213306589e-01
1.783392862474749929e+00
1.093685253070033614e-01
1.023358758404831148e+00
6.383942356528347073e-01
3.183055665253151645e-01
5.438135200212854681e-01
9.114355653837832305e-01
4.973917632016762180e-01
8.244907555932936560e-01
9.086346332001704607e-01
5.291341089071058823e-01
5.180941434701502590e-01
2.509674624194382364e-01
4.080600423949178046e-02
1.454325259603097553e+00
2.116703394590762621e-01
6.710622904690238810e-01
3.976964581762628681e-01
5.912732853401805322e-01
1.270410347491719438e+00
4.157138190692555302e-01
5.464992339926552090e-01
1.186528032204379413e+00
1.518556726150911640e+00
8.361920690193549444e-01
6.705615589892579553e-01
5.842740569054105659e-01
2.039610696417088753e-01
1.201240963022653097e-01
8.393320251384822628e-01
6.395137737619253082e-01
2.270861922095578911e-01
6.651625816713185868e-01
1.587147028120364123e+00
6.399379704816686443e-02
6.697120230351676362e-01
1.009777388840179091e+00
9.715611018644250141e-01
8.115036729185621800e-01
6.830758988965918155e-01
6.857373970497055993e-01
2.877343926980439615e-01
6.873416777596312865e-01
1.795555517637355269e-01
5.541707998934979340e-01
1.090968721548609549e-01
1.402528506592044089e+00
1.153196194369324967e+00
4.700844856058066235e-01
6.722835469265450170e-01
8.528712403708020862e-01
2.830173563440190887e-01
1.030457841405101327e+00
8.996421696002723234e-01
5.903309289243987568e-01
5.533937898147388568e-01
1.108763962452528062e+00
1.276565880102985107e+00
1.773596704266528601e+00
8.414522121165874946e-01
1.334891867277443911e+00
8.231037620314209935e-01
1.293694917961211832e+00
1.693767679087512246e+00
2.340724744564837145e+00
1.267298662777535778e+00
1.030614544646201391e+00
4.548400067395951263e-01
2.414147336892802365e-01
6.144236118398587188e-01
1.774658569233484862e-01
1.026849826790593223e+00
3.733522705109941775e-01
1.700425464101926964e+00
2.143818751485472851e-01
2.246337989518377709e-01
1.136513592776590365e+00
1.232942813512810210e+00
2.705852187723778446e-01
9.026311432158520276e-01
9.925908267754849357e-01
1.172417591302859607e+00
9.239253690116525641e-01
3.254112369043460351e-01
7.259414562746723254e-01
9.565929351419018012e-01
1.078865548330718793e+00
5.682007967481046418e-01
4.336511886645909586e-01
1.202749882400954373e+00
1.246479288498880900e+00
4.896328737226287586e-01
6.721324763483986775e-01
6.537384698588919463e-01
5.385698953895792229e-01
2.037008743435793967e+00
1.072124529776609103e+00
3.925344712343612485e-01
1.331893462419162510e+00
5.612848264961687317e-01
5.397534990098108443e-01
7.018542466991394280e-01
1.124378614553151579e+00
6.785596673601476114e-01
8.724996068401021931e-01
5.444980355164796837e-01
7.942099830158928508e-01
4.015643514936595437e-01
6.508554419822263348e-01
5.912061090420484000e-01
7.564887422978407994e-01
1.636649344342266943e+00
1.322240066426422223e+00
6.926860432125664380e-01
3.659051691620731628e-01
9.069916240985118616e-01
1.238972782651648341e+00
4.080087611214395782e-01
5.810779578759257546e-01
6.962129379983608146e-01
9.910083069054029803e-01
8.315573674768308443e-01
2.186391613626064601e+00
1.473885763474952926e+00
6.698103964120466491e-01
5.656990978787869162e-01
3.716051872437646786e-01
5.155081803625932713e-01
1.850243121702507487e+00
1.358093602264700550e+00
1.555546367338535907e+00
8.246229075721924762e-01
1.495774883052408022e+00
1.238589810865884155e+00
3.292895129643997887e-01
1.012060522730124257e+00
1.734964590266838691e-01
1.146200042938283342e-01
8.903703369837474568e-01
5.023959073599212344e-01
6.703209911535412679e-02
2.675631585047359984e-01
5.864907683486462187e-01
7.354822802296607787e-01
1.700787302030891901e+00
1.069182911826444871e+00
7.843210973753877990e-01
4.703569838111527623e-01
2.645975990331765337e-01
6.258133164805135262e-01
3.053795108667580749e-01
1.220841484389429521e+00
6.383282906061215067e-01
5.789131500226289972e-01
1.704131546140188247e+00
9.190324706719619208e-01
5.453530346713441057e-01
4.846743586896153921e-01
2.355319670897805251e-01
4.346509189531709838e-01
9.223493359362857635e-01
1.166574213600980681e+00
8.880995193377163588e-01
6.304608502748196841e-01
2.583530112976045179e-01
6.024060978020500112e-01
5.996715982151208379e-01
7.278508444637838970e-01
2.011631961427467363e+00
1.630071815105837763e+00
4.282170974318980639e-01
7.709831750206637135e-01
4.829691366185797086e-01
3.504359554602661797e-01
9.304775099581366060e-01
4.486339725839566528e-01
1.545185302859404253e+00
8.735515233241275546e-01
1.256093139903519118e+00
6.311079337731079208e-01
4.851101131641195052e-01
8.825004386737917983e-01
1.604437137978542149e-01
1.793515237893809733e+00
7.466027486497837096e-01
4.321904293144303022e-01
6.052734417085130492e-01
9.477804824394233663e-01
2.457385377124374770e-01
3.814346198457532200e-01
3.693224801788410061e-01
9.697262404778980160e-01
5.888058148407625536e-01
8.351571713739041058e-01
1.085389839113906518e+00
8.969952197086166201e-01
1.266711095651190000e+00
5.307872606708023966e-01
1.011030676020806762e+00
4.934110145360953159e-01
5.327115444305625669e-01
1.315602699978765999e+00
2.925533438355292226e-01
6.241963066312853359e-01
1.387313759368259847e+00
7.331729211954520764e-01
5.108584716104588308e-01
3.939470006717003536e-01
9.755053369709449917e-01
3.388429323139837690e-01
6.692255297001350467e-01
8.000719863023172396e-01
4.038148219343293821e-01
8.022223859120433120e-01
3.009452266887150951e-01
4.286203164944035748e-01
2.881118618765832196e-01
1.428181696835694403e+00
8.317023307580739822e-01
9.202185534846415438e-01
6.986382098732464296e-01
3.292278221367818114e-01
9.360006354624924585e-01
8.805866634418513250e-01
1.865469531653635826e+00
5.099933494444190973e-01
1.242088503415886169e+00
7.104721155678256350e-01
4.959592473512710598e-01
4.172105375251138337e-01
9.550781782553054156e-02
2.439259874211763268e-01
4.073983009363812968e-01
7.539238918804984646e-01
9.612400477496101381e-01
5.248484554114332123e-01
1.395831573832968076e+00
6.028605484036466677e-01
5.601648447739416836e-01
1.311216459563442793e+00
1.313440148862685231e+00
9.255323633349110679e-02
1.103651609208994522e+00
1.191358902827154287e-01
2.535305609016808570e-01
8.668512106424335339e-01
3.975395356527319235e-01
5.750941201168818795e-01
5.054764733075745031e-01
1.019817177474952707e+00
7.167721294068776228e-01
8.643919430825444117e-01
1.023828403078297145e+00
5.357046801634781641e-01
8.512939744972731759e-01
2.365988567701068135e+00
9.350560703230073045e-01
6.306394928309154713e-01
5.610896727724193900e-01
3.304411454892953182e-01
6.934183207419433170e-01
2.495325040131227468e+00
5.384249183649445492e-01
1.158277997326489395e+00
1.716313700774784845e+00
1.355030382734861982e+00
3.725978450924636309e-01
1.068350365753994169e-01
5.004259620861667424e-01
2.217954541205908292e+00
9.085257798247978744e-01
4.555189358096468633e-01
1.114795622197723546e+00
4.315809673258624857e-01
1.221483089774887620e+00
6.034898618254410652e-01
7.659261336785045948e-01
1.417309049367843299e+00
6.871457517156278616e-01
3.278521929707421401e-01
1.084379649052113148e+00
6.894194647691422873e-01
1.517782950056111080e+00
2.982783692453606084e-01
9.749976820316503812e-01
1.079293304789185060e-01
1.396536276929564169e+00
1.609329098663648747e-02
1.356307189036760397e+00
8.092377595085926689e-01
1.794216644167042407e+00
1.556752271365255069e+00
6.231880252182104840e-01
9.068489578442888721e-01
1.243859494785429565e+00
6.775143244875304616e-01
7.916994050712178321e-01
2.409982586813920469e-01
4.966393945728765358e-01
5.941260456744998919e-01
5.620809469524761237e-01
3.783989389762296707e-01
8.267334952157650019e-01
7.828904736726751690e-01
4.808528053081758680e-01
6.285386374874670778e-01
1.205915901340563146e+00
6.150681410678738859e-01
1.082675600449141573e+00
6.300336650893263446e-01
4.527283854222086124e-01
1.974120137816054221e+00
6.166244320834128878e-01
9.985409096483204294e-01
8.410674602265073574e-01
1.960207118113078462e+00
2.226120757891208779e+00
6.713901934378363467e-01
3.868148409947373967e-01
1.481094096399659055e+00
1.019734852467809372e+00
9.327387214206084298e-01
1.803293818504163593e-01
1.205005003680898801e+00
1.336253456047638899e+00
6.409322261381604768e-01
9.440972683978188229e-01
5.821330750334713366e-01
7.892419198220642640e-01
1.370009791747043515e+00
1.491166231250522500e+00
5.810823890295436778e-01
1.121592916556157782e+00
1.225461944642153522e+00
1.591248800832571142e+00
8.377625708759990353e-01
2.163127410304125142e+00
9.420587754312770290e-01
8.045988090102751400e-01
1.239558152891811815e+00
1.190775502359701976e+00
6.204554608462297116e-01
1.630818810297892885e+00
5.844831795762251980e-01
1.002153695554438118e+00
1.475449224187847630e+00
5.074847671725083442e-01
1.433546359909446455e+00
9.405919672886892124e-01
4.507132305772755254e-01
7.127892431423366038e-01
4.506881477338383069e-01
3.722286021749373619e-01
4.091704660199662058e-01
1.582230764482439600e-01
4.770231067148340554e-01
3.908481417468988584e-01
1.643890480606892801e+00
1.090486972401357502e+00
3.353109567782562861e-01
1.968646706331139695e+00
1.430007550172540887e+00
5.411671128579158552e-01
9.485378312086674146e-01
1.993638564697673699e-01
5.581747264957088728e-01
2.982743839417034692e-01
3.880519903211134825e-01
4.121497014799977432e-01
9.293600412494702478e-01
6.405545605195559489e-01
1.046221692773007916e+00
1.770000447719735082e+00
1.838199482985793054e+00
1.421960841222467575e+00
6.733828054461927781e-01
1.144999155678781078e+00
1.670065077183430002e+00
8.792687167898124434e-01
1.501737148361510066e+00
5.219227302573521410e-01
2.514369836656080159e-01
1.056815439669523515e+00
1.219895457426122931e+00
1.128727485525175878e+00
