2.123855002173139717e+00
2.700010952398355091e+00
2.059554439298823425e+00
2.029646889674281862e+00
2.252139928685547687e+00
1.345769987442993809e+00
2.050980650077011802e+00
2.448674953748494421e+00
1.870090601899056626e+00
2.801308099512328287e+00
2.188852521715102917e+00
2.400824711208772833e+00
2.570245581303590043e+00
2.586291402530568995e+00
2.836726891403392070e+00
1.630914113008316235e+00
1.768476864662382297e+00
2.078563017277278657e+00
1.877338442414255848e+00
2.545098842869307987e+00
2.603493965913731056e+00
1.463986619576687520e+00
1.715834989810698374e+00
1.519750279606255194e+00
2.232911155087478061e+00
2.452324454605787185e+00
1.922331633828466835e+00
2.442336040179160062e+00
2.219603608229338221e+00
1.919579399087556038e+00
2.730866983280902716e+00
2.699299000173655649e+00
1.638685310396772010e+00
1.887483542151533911e+00
2.529406540747561216e+00
2.254228490842382637e+00
1.935130583711861529e+00
2.643068511300825207e+00
2.120408733402989743e+00
2.007937125549047241e+00
1.822603576856818730e+00
2.169692372245749290e+00
1.579410403710455713e+00
2.475745602795388134e+00
1.999877185608783137e+00
2.013047230058268244e+00
2.810712941376128260e+00
2.554840766086519110e+00
1.665975847098482232e+00
2.640088654507982469e+00
2.618051904413944531e+00
2.728546828334371011e+00
2.200524142493945234e+00
2.227960307334756251e+00
1.514927670434432105e+00
2.360129760215344596e+00
1.439767613299228088e+00
9.385958733829096179e-01
1.884413834530849652e+00
2.216754743248873449e+00
1.750694448026980155e+00
2.490259568683574898e+00
1.276535023212940878e+00
2.510412655530636084e+00
2.281627706923422316e+00
1.464407470198608729e+00
2.931004082773534414e+00
2.449643144331903777e+00
2.421441509308260631e+00
2.094021413450345204e+00
2.378399829626931972e+00
2.428009350006988143e+00
2.466492935069465098e+00
2.418453390825130889e+00
1.684443120314696341e+00
2.588731464183823938e+00
2.644151578448153295e+00
2.434889880164371689e+00
1.240725135342004348e+00
2.245025317129997866e+00
2.485978348600219157e+00
2.379825032637581828e+00
2.616470908050414490e+00
2.357533318506386699e+00
2.048918414016207556e+00
1.684354449457297287e+00
1.879905411143466765e+00
1.948133981386567903e+00
2.021960704739333092e+00
2.042264476746061597e+00
1.182310303179308963e+00
2.605882732056921558e+00
1.563241348107984319e+00
2.206842031441482277e+00
2.136634567895851156e+00
2.572254902581945668e+00
2.115206501553742235e+00
2.357686300755965192e+00
1.797854035116971172e+00
2.033246252591970560e+00
2.074008954567926999e+00
1.970985058516705468e+00
9.852681506968509195e-01
2.921222010509354039e+00
1.942116942272673175e+00
2.456546364955928041e+00
2.291527084655815116e+00
1.597657532477137821e+00
2.204072116266201142e+00
1.708497245119573460e+00
2.285184928698644313e+00
1.850821336754309376e+00
1.833437520732420278e+00
2.185662779420551427e+00
2.513345484185436796e+00
2.501741836398363894e+00
2.515684396090327901e+00
2.378359923844302504e+00
2.429455074596180708e+00
2.177411198353739863e+00
1.861695978401987528e+00
1.976720139517789576e+00
2.375388735745826096e+00
2.137229349300600489e+00
2.604128178698672968e+00
1.444764138043878932e+00
2.124147197695404721e+00
2.844407040654082230e+00
2.565294906114659490e+00
2.332707653695014205e+00
1.222074805013143362e+00
1.709297830000055640e+00
2.212929930998864592e+00
2.416723016528677270e+00
1.562965878368050454e+00
1.989085945749720530e+00
2.775755517773519365e+00
2.373518852611567809e+00
1.362117125877979840e+00
2.096280421660359217e+00
2.108028100418558815e+00
1.201138285322723043e+00
1.485291688327686543e+00
1.590755316836605537e+00
2.418633450629976700e+00
2.535777259829158581e+00
1.381088538102094088e+00
1.830584922054406594e+00
2.636827070831099906e+00
2.272256261225691354e+00
2.427512790287104316e+00
2.622762900756959503e+00
2.953068205700289717e+00
2.057686058885475511e+00
2.755313777185406821e+00
2.017807938141082502e+00
2.008196598138045186e+00
2.561540498558318557e+00
2.255515276295281701e+00
2.315736302149963954e+00
2.884273504820162870e+00
1.503869455171920944e+00
2.046743734488873478e+00
2.478118346136609862e+00
2.403633438785099052e+00
1.992167581640529317e+00
2.739551422924948021e+00
2.596103839884663422e+00
1.781471665466311638e+00
1.310257763367308037e+00
2.116308189567600806e+00
1.749371254199222792e+00
1.433842376339922398e+00
2.506035619950631954e+00
1.432487876954630091e+00
2.714524480434566733e+00
2.466859850500386919e+00
2.288659525123621918e+00
2.433133665234673337e+00
2.146044902586410785e+00
2.754546174629017408e+00
2.723627871804305656e+00
2.081155705490700392e+00
2.623018017557986692e+00
1.345559611886927964e+00
1.893505603405731375e+00
1.521459774235710327e+00
2.809278730943680191e+00
2.106344679760911998e+00
2.738352906278024967e+00
2.526937245532194787e+00
1.929942676819628167e+00
1.516340779199206068e+00
1.767970700457837552e+00
2.240429215994826695e+00
2.007397438412375834e+00
2.034733667202177632e+00
2.342949909298142952e+00
2.454620486375154620e+00
2.249951078680028083e+00
2.584464766287702275e+00
1.913805217326082220e+00
1.573755679444332589e+00
1.441958293919298084e+00
1.734689347291431982e+00
1.392270894370354783e+00
2.470061730225032282e+00
1.729028777079355539e+00
1.833965083271270169e+00
1.662065999950564255e+00
2.535811922542742014e+00
2.052714910088401901e+00
2.110308593824508527e+00
2.846629708977492790e+00
1.983424335830626051e+00
1.406740816945215133e+00
2.235556453141347877e+00
1.961490266395177429e+00
2.260922283422007961e+00
1.653002720200989817e+00
2.544852959293654848e+00
2.120188900693289025e+00
2.640057471239818820e+00
2.379243207924280679e+00
2.505868627808183646e+00
2.023617417511938577e+00
2.159089928200541575e+00
1.922000701564288816e+00
1.922586051877584357e+00
2.190328099149255969e+00
1.951836519271102244e+00
2.697523811151316231e+00
2.509873687588047630e+00
2.146590661276557732e+00
1.724848174465799300e+00
2.423424092737279434e+00
1.575724176081700900e+00
2.262522076377019964e+00
2.857317563884931744e+00
1.445992660363559112e+00
1.476866262836081356e+00
2.357900518238734477e+00
2.761199821469535465e+00
2.654192667800767236e+00
1.715614783386849584e+00
2.267367325724173099e+00
2.410270247678943711e+00
1.888189465715787385e+00
2.180320734273319072e+00
2.783299891910885115e+00
2.339460646469976091e+00
1.413197090810931478e+00
1.442711172749553405e+00
1.602925392156940188e+00
2.142274066588886861e+00
2.610682397883112849e+00
2.251164638005186180e+00
2.239281290099904176e+00
2.184507433781987196e+00
2.306226704670721439e+00
2.383347158561554657e+00
1.768291056323886057e+00
1.050142285197940284e+00
1.920596574079258545e+00
2.684923429617020130e+00
2.678672310652972399e+00
2.329354042502036481e+00
2.445226894483191415e+00
1.872332039738148879e+00
2.727726008429016691e+00
1.885833807748377833e+00
1.881436224893644926e+00
1.855107321790789410e+00
2.348243522008898854e+00
1.674067760679145866e+00
2.248864083102822153e+00
1.991502734890665760e+00
2.256461937507941329e+00
2.164559604387304326e+00
2.940625852047704214e+00
1.402416585703368357e+00
2.239740233861177821e+00
2.699914033287941884e+00
2.050508392204339891e+00
2.306431546289833268e+00
2.418912206393107223e+00
2.227043069284561305e+00
2.445511232652034295e+00
1.525269425804540280e+00
9.363117368923477013e-01
1.707187902140234526e+00
2.652416236375085390e+00
2.333121973831017826e+00
1.395626211446718834e+00
2.613766905016538189e+00
1.785961441844771791e+00
1.515134563704986448e+00
2.044982309046176283e+00
1.005930626939137484e+00
2.898685608449939277e+00
1.666082524735106540e+00
2.509054869825305012e+00
2.052476816190435205e+00
1.968353138357237464e+00
2.042332937702359352e+00
2.557685400518144192e+00
2.393412911292169376e+00
2.920826357972290843e+00
2.139028172313244269e+00
2.245132381530130505e+00
1.656150376038963756e+00
2.467196302399637720e+00
2.697040349432085815e+00
2.875756202887413515e+00
1.765637006526961539e+00
2.662974613079247543e+00
1.409911642085130090e+00
2.847218547986139825e+00
1.794343926327906402e+00
1.880093602978010647e+00
1.757709109896838928e+00
1.944972804666600386e+00
2.419590739890036257e+00
2.563950253191515927e+00
2.093963871584134662e+00
2.257998421548039314e+00
2.260359946804723297e+00
1.937835110115599280e+00
2.500722486690548418e+00
2.429910625133529845e+00
2.138091106415306530e+00
1.641975198979464423e+00
2.294892447509123912e+00
2.897556336871585092e+00
1.860020750756809171e+00
1.816119435897336043e+00
2.056871702284865489e+00
2.769844696127614192e+00
1.387958026281343127e+00
2.133441688830773231e+00
2.232525886566874007e+00
2.056312540752934126e+00
2.298148284160025145e+00
1.586359491692050483e+00
1.326002345104526858e+00
1.888125699729422458e+00
1.851841211703675549e+00
2.234385518406705629e+00
2.772089096294845234e+00
2.784062067166744203e+00
2.060936993477512136e+00
1.368991697086162418e+00
2.110281305897757420e+00
1.932199675412989759e+00
2.189153892205971452e+00
2.554532423273441655e+00
2.442459081358904882e+00
2.078794283064460569e+00
2.173953176949423138e+00
2.799548746285651646e+00
2.001112201364251497e+00
2.086168694520557754e+00
2.623511415357290932e+00
2.665327667189609784e+00
2.290272679402175271e+00
2.349163255786471449e+00
2.858956675293888861e+00
2.467705140941627295e+00
1.933643091946634751e+00
2.849505106074691430e+00
1.807860832918572136e+00
1.338921905913872834e+00
1.365528468637208004e+00
1.546636924168589999e+00
2.691040043769473922e+00
2.438779889462892037e+00
2.568750090519422713e+00
2.389662397899430246e+00
2.469332256070710496e+00
2.581618699261303274e+00
2.673280757454929102e+00
1.759376769363144355e+00
1.559806120845737887e+00
2.629015602530413442e+00
1.898187592172075666e+00
1.947598959397260687e+00
1.892443272033729418e+00
2.230809721623984831e+00
2.364404152602143760e+00
1.439669622136944493e+00
2.396817598047300990e+00
2.326834769813268533e+00
1.707693876289943402e+00
1.762782053804404780e+00
1.798458835172447090e+00
1.909097310542031689e+00
2.893446103890093823e+00
2.947739650892265750e+00
1.112536071262147930e+00
2.407567694156611093e+00
2.961592115691449756e+00
1.409119983135158183e+00
2.961731642433315326e+00
1.288831042541172200e+00
2.746051549486725474e+00
1.847726859211302086e+00
2.198154478000671208e+00
2.491825951268761052e+00
2.173713261434020438e+00
1.465392161174395858e+00
1.586953505509435480e+00
1.702387206262558017e+00
2.031236380116959506e+00
2.145436422818185918e+00
1.783925235470563475e+00
1.654038340053483047e+00
2.365338411556090925e+00
2.272378027032660786e+00
2.597457883492668262e+00
1.567573834575509917e+00
2.845470381362292134e+00
2.299427480652048050e+00
2.290748897250474148e+00
1.921331259278125536e+00
1.690883523803986321e+00
1.656142515940488558e+00
2.023278276866504743e+00
2.157518653425602118e+00
2.038603491837831960e+00
2.060421481104099506e+00
2.804537047221302259e+00
2.684515492477068221e+00
1.622668140142619508e+00
2.777019931077948200e+00
2.076862684020705174e+00
1.588684132336717347e+00
1.575735766131191706e+00
2.285261245839195876e+00
2.589733321105553543e+00
2.569834625405565287e+00
1.355249656467401476e+00
2.527049883025970445e+00
2.516915337047370471e+00
2.448953364710917846e+00
2.257289848658202036e+00
7.911092498646766780e-01
2.041491452076727331e+00
1.879893737882404992e+00
2.003009955364903227e+00
2.746488484362362481e+00
1.926342567765616742e+00
2.372024572113642371e+00
2.362863916923742202e+00
2.054609226423272705e+00
2.072306879278608793e+00
2.344404594123915331e+00
2.516395537403442795e+00
2.593570955996518101e+00
1.329501044602937387e+00
2.405679622421950992e+00
1.598183970366052087e+00
2.360847253175307081e+00
1.649315221566566070e+00
2.393423004885854688e+00
1.838275562565248267e+00
2.125221169238920016e+00
1.252249827358766110e+00
2.037817423093162716e+00
2.133228953478662149e+00
2.115590653559551448e+00
2.668393114538800237e+00
2.528014938284006696e+00
2.838763878238471428e+00
1.496362540461835255e+00
2.712987941207530618e+00
1.725052191359256248e+00
2.936108529148355739e+00
1.748535436921809572e+00
2.460149540591177963e+00
1.920813168284752903e+00
1.977011993283715352e+00
2.037157530148641094e+00
2.122067104464639087e+00
2.071955872187306813e+00
2.660848158934234764e+00
2.453022504987390828e+00
2.159631668705431551e+00
2.200859593830482019e+00
1.841484951800479219e+00
1.775529570212455610e+00
1.701090347216978493e+00
1.286128621671058347e+00
1.721552520042504142e+00
2.389691098813539138e+00
2.172651821856939947e+00
1.656666670818869314e+00
1.879828635363225420e+00
1.178617757257025112e+00
2.039150828766822077e+00
1.844609486658028263e+00
