2.146571879642678038e-02
1.093211581728031456e+00
1.339872687736353596e+00
1.868044201316877206e+00
2.547219622466846634e+00
2.166844019106569874e+00
2.023280602177410792e+00
1.698262192976204510e+00
9.503731409051719980e-01
2.141485465421600676e+00
2.203478961311940765e+00
1.702227305055956652e+00
2.706969944980023968e+00
2.291663742535817061e+00
2.169659706936815979e+00
2.845495834914137934e+00
1.722892379366225413e+00
1.684028495293313998e+00
3.133773964732941009e-01
2.494239541186391129e+00
2.179144240318362957e+00
1.307807611373256851e+00
1.842052012543481831e+00
2.947035028227251718e+00
1.365077379849499506e+00
2.812683151828933692e+00
4.359147503014648706e-01
4.360874954237524692e-01
5.415165225843543428e-02
2.535020156072037345e+00
1.042489556072053958e+00
1.327782122549079347e-01
5.821981573101897567e-02
8.206200406845487461e-02
1.855149759699313838e+00
1.751895164492073498e+00
2.382647077267858293e+00
2.699047938222211007e-01
2.295946003531003310e+00
1.988478106986474758e+00
1.488084930544558038e+00
1.603431720921507875e+00
1.396616706172912004e+00
1.338198652532387456e+00
1.689276039880308833e+00
1.961564305978335643e+00
2.059771258589577769e+00
7.216020996439032054e-03
1.296234902793248045e+00
1.130712931801834742e+00
2.940874461340671431e+00
3.586550950306212071e-01
2.531357217704212736e+00
1.478652137177618897e+00
1.524478105558335184e+00
1.753227790148230714e+00
2.437219873921360858e+00
1.357074540508467431e+00
1.544362222598655299e-01
2.917103658861298854e+00
2.364145674320131452e+00
1.302624600724511694e+00
2.864717030586656055e+00
2.803658894264448698e+00
1.983727228390811170e+00
5.710790863750369040e-01
2.596021404629505813e+00
1.083838719187166344e+00
1.393683177925831629e+00
1.096333324174695090e+00
4.073807779985425537e-01
1.406203601748964971e+00
2.116772720306100641e+00
1.144651742879289280e+00
2.601959271634405546e+00
2.599365086981464845e+00
1.426320819248780847e+00
2.229139974586377804e+00
1.298175826955005219e+00
1.228395371702244887e+00
1.396529863550738604e+00
1.191036845278993006e+00
2.345353580058135989e+00
2.898801301974782252e+00
2.612145410716324001e+00
2.560030738700852515e-01
1.265077345622199534e+00
1.885833421602844728e+00
2.176110511501490041e+00
1.890360692307176960e-01
2.539263549044630253e+00
2.392562548899576091e-01
1.959668657850776707e+00
1.100385177820409677e+00
2.992022693498996411e+00
1.722437130726475196e+00
1.307928653784123263e+00
2.654196434129081350e+00
1.809818936806353307e+00
1.336896357761373721e+00
8.242109037209632838e-01
1.095868003529164358e+00
2.795908305020349260e-01
2.562812869657611792e+00
1.202232991329256429e+00
2.946011809576861928e+00
1.279496768699150744e+00
2.983443131901076573e+00
2.347675255403605110e+00
2.444920767694896746e+00
1.849822977750848807e+00
2.426447664110976454e+00
5.821630090933144208e-01
1.473660560666252284e+00
5.725479079002461225e-01
2.550807734503941493e+00
6.363756565428391188e-01
1.887404062437687990e+00
2.401594090826184136e+00
1.134667830352241280e+00
1.630918323829537719e+00
1.862097262812335341e+00
1.856141311280311346e+00
3.923455257882080272e-02
1.013186269494976699e+00
1.589160870398580450e+00
4.687715344835240439e-01
2.718274409723165697e+00
2.771708302491266096e+00
1.781570508220876148e+00
2.299204003877679980e+00
2.155562599972568272e+00
2.602342357863848266e-01
1.043511544916551959e+00
1.331325067017443242e+00
1.575108866920706063e+00
4.484230368840835812e-02
9.096709577210390085e-01
3.939989853794273467e-01
1.406764128810490622e+00
2.638248389793268700e+00
4.236401736436470333e-01
1.292410492964596536e+00
4.171083520607483663e-01
1.429573002985741859e+00
1.502660608917745222e+00
2.606604598668389450e-01
9.341167245127467433e-01
1.572346142094326549e+00
1.948695481456825807e+00
2.483514604030418127e+00
6.945632098947518429e-02
3.157113336989249008e-01
3.667654949112226781e-01
2.003305955772563873e+00
3.247959066468877332e-01
3.221946710093460675e-01
1.560244400216194816e+00
1.746885641676489298e+00
1.124243174696808456e-01
5.051542064860727876e-01
2.920798975705194866e+00
1.617167756485011099e+00
6.536139396514624167e-01
1.037781034332010854e+00
2.698094105620773675e+00
2.863447558753432709e+00
2.153481658699445411e+00
6.845822520919436771e-01
6.307321445253056824e-01
1.706215420414541661e+00
7.031483850636088828e-02
5.829889333329776324e-01
4.976573864747076970e-01
1.804239065645092843e+00
1.208890186107078879e+00
1.795913675506767060e+00
2.563477508906188529e+00
1.356372434717629805e+00
2.252726707889761038e+00
4.766558124468942559e-01
5.015385320839039762e-01
1.282356252778781514e+00
8.280694638763160809e-01
1.434556815358027038e+00
1.710463478310431107e+00
2.475381429575271852e+00
2.396334814601193575e+00
2.793947570117805590e+00
2.145893867662385546e+00
1.223470596279777833e+00
1.116885121797921876e+00
2.596043481839059197e+00
1.518210892789733979e+00
1.659336722624988880e+00
1.606265344264562911e+00
1.556982395313214695e+00
2.284006322476433759e+00
2.838360502929710538e+00
1.758717213666845858e+00
1.297075002720713410e+00
1.738933885077278418e-01
5.921351788988853393e-01
1.382881843408561906e+00
1.954522770250894714e+00
2.475529833183317763e+00
2.945550061937951547e+00
1.026061273677898456e-01
7.591196679592289165e-01
1.642049205426873382e+00
2.974682076809894049e+00
2.404148805307958714e+00
1.581707012649299582e+00
1.550770142435413002e+00
2.790249522209467870e+00
2.843880320866303713e+00
1.512874575197312943e+00
8.721183257118275689e-01
1.728245842703418189e+00
2.036530314108187412e+00
1.227578389397058434e+00
2.690960753723283805e+00
2.762911255526494525e+00
8.843050584129683589e-01
1.178045977811034595e+00
1.910834255776944435e+00
1.521759651510206535e+00
1.892151478005323018e+00
1.002513154410530571e+00
1.983895623762679472e+00
2.397042736977918143e+00
2.094602837767140180e+00
1.956448045883376174e+00
2.523902698914263443e+00
9.424541383431033204e-01
1.067528210043361181e+00
2.018312852451541239e+00
2.587268212276613077e+00
2.523103050701962058e+00
2.569476498430097511e+00
2.078020804904149976e+00
2.068629764627831324e+00
7.864824425935472707e-01
8.232218221847994455e-01
1.649751634542871770e+00
2.379083563913977351e+00
2.046198093690451802e+00
5.417321372552079684e-01
2.421748140175532527e+00
9.284905924629313079e-01
2.534789721448631905e+00
3.950899059271495428e-01
1.595827732640846097e+00
2.636024779364931181e+00
1.603847283694554982e-01
2.005918773737060956e+00
2.979911536186728771e+00
1.938389345389874840e+00
2.008894620634443573e+00
8.077699732954941592e-01
1.159077606033471763e+00
1.217579133638630573e+00
1.410433417196243600e+00
2.831673971705729098e+00
2.708865047934275072e+00
2.524985293573024592e+00
6.337896459181305842e-01
8.648346535137375612e-01
1.259684037866717343e+00
1.211454792776274214e+00
7.523446598150315134e-01
6.487813455722536427e-01
7.081280301320207471e-01
1.178937017029931145e+00
2.272921059556620715e-01
1.451280126922611657e-01
2.106612295544456614e+00
2.271441295709427877e+00
1.348296807757465299e+00
8.476452512840804143e-02
1.515541326184418836e+00
2.350642737525234782e+00
1.218069253899630722e-01
2.738238558629050079e+00
8.993568866750034640e-01
2.113138735340038377e+00
1.956601071845641915e+00
3.922030517916035297e-01
2.661067052571845615e+00
2.373398510215168233e+00
1.900732598073519686e+00
2.978561753081564234e+00
8.003984647189554824e-01
1.340895049914104575e+00
1.794542443120884068e+00
2.349508895996851088e+00
1.917038621485491312e+00
1.418254263213468480e+00
5.589556106518551726e-01
9.619312620237077116e-01
2.074607174868710935e+00
1.937143010810068677e+00
2.055118335545576880e+00
2.158624419171558007e+00
2.701251183322207261e+00
1.460024369250919607e-01
2.890267055620109549e+00
2.548625477052330446e+00
1.926535738217895144e+00
4.702899287844543030e-01
9.577637410246632177e-01
9.727436381655708564e-01
1.255699643206956484e+00
1.914693674262564427e+00
1.807096786915076247e+00
2.139131500606855862e+00
2.717217546243015480e+00
2.833006815158092273e-01
1.328968972103822921e+00
1.721405012345961438e+00
1.338512730268857975e+00
7.370066491183470125e-01
5.720687688577978935e-01
2.383992088073324744e+00
8.820927900481269068e-01
1.789807622800831499e+00
2.642802863773446642e+00
5.642137790970628286e-01
3.232806352010636486e-01
2.980807182170466696e+00
1.028110711023064505e+00
1.388313997107289532e+00
8.372047403898530415e-01
2.353208567130050888e+00
9.104620376683913996e-01
1.895788832072195618e+00
2.339886785317238704e+00
2.036413922826413980e+00
1.014504309746599997e+00
1.249568592374735720e-01
1.945279241202250375e+00
2.240522360340784225e+00
1.637283116375582548e+00
1.530583604678818599e+00
2.016802192923778048e+00
2.578352752562518280e+00
1.683454918752200324e+00
1.631253015599262834e+00
8.467339797408001134e-01
2.565549291661510356e+00
2.055441798394276542e+00
1.021712421031881757e-01
2.104042718237425724e+00
1.823682851107053304e+00
1.482871098556939105e+00
7.832828752073420775e-01
6.894553095016640043e-01
1.672433085395101049e+00
2.932314598484061285e+00
1.400478908810897094e+00
1.526243560621751705e+00
2.006040379849340471e+00
1.677870595697473100e+00
2.255200124452062305e+00
2.315524744763722831e-01
1.964964071876500462e-01
2.453740360600683790e+00
2.433681701637764760e+00
1.019986472446781089e+00
2.007019090519333471e+00
6.497108754654532525e-01
2.605672502695175918e+00
1.199175412155841780e-01
2.681489730460262511e-02
2.242052328001682859e+00
1.240187385752802740e+00
2.840764022712112258e+00
4.943514549791656609e-01
1.152936615828727307e+00
6.522426699852159615e-01
3.249583356852452365e-01
1.642561859053350393e+00
1.282937306253078669e+00
1.258972790189546442e+00
2.532569936555550960e+00
2.360146141850111512e+00
8.601934552689727287e-01
2.624218199189350953e-01
1.033871586769570250e+00
1.924793657315545525e-01
8.403295473523725301e-01
2.792146199129517115e+00
2.995111272384201939e+00
2.498908668809059375e+00
2.896144073232115979e+00
2.717102022957089247e+00
8.877461067281655627e-02
2.341176607055892145e+00
2.413189824912963299e+00
2.724484862558018250e+00
2.117072529166343031e+00
2.075059262614241451e+00
2.597529340070575454e+00
1.485201321175243727e+00
5.798438621120198810e-01
1.264400071951933047e+00
2.460370378646280720e+00
2.500230408735433230e+00
1.327820927022155040e+00
1.910789608633040704e+00
2.741362223012087096e+00
1.018091357250474172e+00
1.072731118745367418e+00
4.035208488390650272e-01
7.451705685169838222e-01
1.867405339075478565e+00
1.107458637948961044e+00
1.599060130277137892e-01
2.950274399710247408e+00
2.166541500640739137e+00
4.191957529254420889e-01
1.173795372449908170e+00
8.737184073123673844e-01
2.513060665870436861e+00
2.272641715377811344e+00
2.280521544035812198e+00
7.315946344876882446e-01
2.447202799273693330e+00
1.444177984844286389e+00
9.450699527207008233e-01
1.569296292078249389e-01
2.953208890660986352e+00
2.441407769777963033e+00
2.864525109319703944e+00
6.122569774964471412e-01
1.095004254752521167e+00
1.986078919741562254e+00
9.908081489809281717e-01
1.341166315564665812e+00
9.413728654688662267e-01
8.674216791686563122e-01
2.902647555749159114e+00
4.969123595877514843e-01
1.654689864145002298e+00
2.133002854133317694e+00
1.094328315917808325e+00
4.696080424350368432e-01
2.710241408538831553e+00
2.990825470794973295e+00
1.322132876782597943e+00
1.105543964776637189e+00
5.955743347607528326e-01
2.975075214116670530e+00
1.456157648833726892e+00
9.686463363935476911e-01
2.697453199231757637e+00
2.218759391152684390e+00
5.721221068964477130e-02
3.015253917979856535e-01
8.020357873756305267e-01
3.310758724143331166e-01
8.765391643805333644e-01
2.720356588403075371e+00
3.204028816070366714e-01
1.479973666413224809e+00
2.816095315298618118e+00
1.213921239670881613e+00
2.864767106848394196e+00
2.998129991449174803e+00
2.701678635300937437e+00
1.374688213381032753e+00
1.780865421066248677e+00
2.252933783083491681e-01
2.635421687359262410e+00
2.404443316351943860e+00
1.665081340724880121e+00
1.911179386815215597e+00
5.971093165071472697e-01
2.291279808390973560e+00
2.837501194052115761e+00
3.291683104500952028e-01
8.820500552370527103e-01
7.191855755366539649e-01
1.289215875914455633e+00
2.366170287242916892e+00
8.050194181952090577e-01
1.179246960844589687e+00
6.007810943535634163e-01
1.295851263068849679e+00
1.561681682703476293e+00
2.007610055792135029e-01
1.836858622707735034e+00
1.540976768513100836e+00
4.961098325784167873e-01
6.731150985434519729e-01
2.261293404659740602e+00
2.300069251065039122e+00
4.810872312630098957e-02
1.589219082096632318e+00
6.886919816762544500e-01
