9.592930809281753346e-01
1.185128851835804742e+00
1.060147525588003736e+00
1.909473631837363072e+00
1.102195984882880619e+00
8.048927194751074321e-01
1.229501096461430354e+00
1.818342314576477214e+00
1.339910024286148582e+00
9.121380277407642456e-01
1.443626916784128245e+00
1.000990916812530607e+00
1.333605693756359400e+00
1.561098164699611379e+00
1.084687638506259155e+00
1.405808033775498789e+00
1.732696693123378484e+00
1.914858838831589694e+00
8.817214594906771508e-01
1.624731296064197306e+00
1.277390037609334783e+00
1.222916037778458476e+00
1.601578720769933684e+00
8.385786268357188211e-01
1.870139982486594299e+00
9.790144486766017007e-01
8.927889119670324725e-01
1.463405047811585868e+00
1.109954947152081317e+00
1.258360141266513077e+00
9.917431927616282561e-01
1.112809687910189194e+00
1.744086166753991085e+00
1.557778209735638297e+00
9.770779010184852398e-01
8.571706992560903515e-01
1.884721244003339846e+00
9.932783608935082942e-01
1.360682093257917114e+00
1.933999880503584290e+00
1.176625635853609797e+00
1.433078826221854118e+00
9.908898882217971327e-01
1.768094301927123801e+00
1.522568236717413370e+00
1.715096285408669541e+00
1.921151961551704535e+00
1.178439898550036169e+00
1.781702664329043451e+00
1.520918465967798561e+00
1.023473543631097327e+00
1.607805134442918948e+00
1.107288067006160670e+00
1.703979847974762762e+00
2.084860120427719288e+00
1.284357951487571370e+00
1.162843693737062534e+00
1.286555932611266773e+00
1.104814660205773347e+00
1.269565555367437648e+00
1.193669330181874821e+00
1.471518608590947963e+00
1.733118649807925848e+00
1.058918050739482197e+00
1.484316030437369704e+00
1.688780331840603832e+00
1.016400436949151942e+00
2.029232030602112324e+00
1.539574944348523378e+00
1.230481206058336774e+00
1.322701505085317475e+00
1.537358942462033085e+00
1.157666231879945107e+00
8.647755090049062954e-01
1.344227898290272893e+00
1.110751056620554733e+00
1.287588125224350399e+00
1.005025044450386762e+00
1.127464975291730731e+00
1.143225399070011861e+00
1.867871839955490110e+00
1.283200789656358642e+00
1.143901352039882413e+00
1.328703142733514309e+00
1.629702881921452517e+00
1.289118483156078465e+00
1.253716851031088542e+00
1.195623679617627610e+00
2.001348052179393378e+00
9.581740873153886673e-01
1.366826659026721735e+00
1.598790569839940723e+00
1.362337829697018332e+00
1.050966163316553459e+00
1.707526040876396145e+00
1.566420308024660590e+00
1.165848033102929726e+00
9.726207406901995478e-01
1.045294107333779809e+00
1.216492155344564452e+00
1.477783900228879288e+00
1.315377675865799123e+00
1.405041977784705853e+00
1.871551888025408061e+00
1.135135271717157002e+00
2.147372653330578807e+00
1.160724848980311918e+00
1.877646163198037899e+00
1.168155226478182707e+00
1.292479017969773825e+00
1.058187224327679088e+00
1.245390539649088080e+00
1.144155786162185606e+00
1.481087276970330269e+00
1.258721127702040254e+00
1.484924051980638815e+00
8.813409871898886250e-01
1.332175091754344010e+00
1.132871084639022641e+00
1.361624975820599825e+00
9.786020733123002024e-01
1.646737463157442294e+00
9.515267308508080779e-01
1.071596297470087222e+00
1.303651604014887999e+00
1.026341512622686691e+00
1.543920631365240714e+00
1.255594485514445191e+00
1.341750000845432167e+00
1.555162423933706517e+00
1.967432959325893016e+00
9.325504567531557321e-01
1.749552048218676603e+00
1.262195178754764058e+00
9.242249297530571450e-01
7.850017554099398831e-01
1.412082441348493589e+00
1.860738703462665233e+00
1.492850966774623700e+00
1.120541969195357312e+00
1.654936209413737425e+00
1.532958343386084721e+00
1.397470030708491295e+00
1.504290993133371890e+00
1.795732640130548896e+00
8.602045587865950749e-01
1.308180743554715475e+00
1.800273135272180136e+00
1.568379453873204765e+00
2.019002130180175048e+00
1.405069412922730354e+00
9.547365524534945358e-01
1.042700052181751991e+00
1.676281196386009587e+00
1.179320350992595579e+00
9.777277043995568073e-01
1.081508571451355483e+00
8.467414370105639243e-01
2.111338207491515018e+00
1.261110892011956253e+00
1.463928586531380471e+00
1.663585582354251580e+00
1.029850491727420936e+00
1.124213091199059544e+00
1.169021704189143085e+00
8.943207474529776269e-01
1.326139321497769918e+00
2.062433823249679499e+00
1.801094579664990647e+00
1.666838270729768867e+00
2.507262944659963466e+00
1.240390535482599033e+00
1.826458488405643399e+00
8.361131402141993574e-01
1.724900672102723131e+00
1.684674571135076571e+00
1.111304871509207981e+00
1.463832768572006948e+00
1.264176515385873056e+00
1.667896118688891649e+00
1.729853411912026351e+00
1.251770929294602208e+00
8.571022411215091230e-01
1.108456304028457851e+00
1.606593956978039417e+00
1.797171370834111270e+00
9.793608473034057793e-01
1.751975349018377814e+00
1.004406219580660009e+00
1.946392142005665127e+00
9.782463815281641217e-01
1.392977425355050869e+00
2.235082174573719271e+00
1.053163710305657919e+00
1.722329595734087171e+00
1.978033665318974510e+00
1.047621518458669687e+00
8.781645719346988788e-01
1.156158045766745746e+00
1.454303358251223477e+00
1.957162516438309074e+00
1.817311329157088817e+00
1.171121925624225568e+00
1.157476399443992054e+00
1.212612079355659400e+00
1.950685148072197395e+00
1.400991407516049225e+00
1.440734382959749205e+00
1.413198195678703195e+00
2.268266524733374645e+00
1.064505845433546760e+00
9.919612720434840547e-01
1.068529371012884033e+00
8.663613196796784433e-01
1.471044499738285660e+00
9.032268239940475230e-01
1.020843229908030558e+00
1.330903517561474292e+00
1.053604070359750455e+00
1.311986112879240274e+00
1.362306929385614485e+00
8.333665296151000490e-01
1.497099829960077066e+00
1.162542233377489964e+00
9.358654667341822497e-01
1.432511055760756102e+00
8.511586759941034419e-01
1.354090269417926873e+00
1.163194936821820624e+00
1.171391391285559580e+00
1.171858060119874922e+00
1.420870019063046108e+00
1.152251654213952925e+00
1.694760806719177726e+00
1.474386614699845444e+00
1.550148158991107250e+00
1.556279713362249240e+00
1.259740819137295631e+00
1.120037393342478982e+00
1.760760107427210341e+00
1.107586150031065308e+00
1.249054936480524791e+00
1.743720848017604075e+00
1.471336846728980241e+00
1.775189866997670007e+00
1.217004804754347802e+00
1.270749817728796138e+00
1.978770172483687695e+00
1.295654942991153691e+00
1.085669518672417899e+00
1.419902194998148737e+00
1.604591511699196893e+00
9.768598710408437080e-01
1.496553893084767939e+00
8.979842386966411238e-01
9.267226483951955807e-01
1.574425324153071681e+00
1.077752915361258834e+00
1.323341212534312028e+00
1.665289153510537190e+00
1.496369928027526441e+00
1.676815787672073510e+00
1.664194405643427466e+00
1.117491286871726608e+00
1.022315196291609718e+00
1.585441385821895866e+00
1.053719564628032401e+00
1.135176922792119791e+00
1.107157909121245121e+00
8.679492888550880414e-01
1.386387232091027766e+00
1.237648032164191392e+00
9.763441075800070035e-01
9.119987090623984383e-01
1.766578559040055563e+00
1.371400634443061151e+00
1.229416855947002229e+00
1.372696201673908600e+00
1.370013808397194666e+00
1.618803979815583327e+00
1.595775153398391044e+00
1.160265651412628163e+00
9.784889674291317174e-01
1.731151398421282739e+00
1.287244375079489522e+00
1.401007862463407694e+00
2.010223366448356863e+00
8.561747454210193453e-01
1.086501957330832546e+00
1.682137687582072827e+00
1.058074501295810821e+00
1.243649724105853061e+00
1.434669310788998509e+00
9.379103307105353116e-01
8.827582967955962534e-01
1.404541279849035096e+00
9.576410931624362854e-01
1.034196106204152255e+00
1.062870118681500164e+00
1.250433956268619307e+00
1.414319791680161087e+00
1.262841039705600465e+00
1.111664065282927938e+00
1.160792952993062954e+00
2.000466420836039205e+00
1.316247873412077496e+00
1.251690436244189630e+00
1.790675814502246999e+00
1.561009473029062677e+00
1.402123263491428684e+00
1.519710597587741407e+00
1.763206843714906658e+00
1.281223167119811102e+00
1.190515325418662007e+00
2.527440296390637275e+00
1.958835564087537007e+00
1.231289332558541894e+00
8.733538066723836035e-01
9.803146213971001277e-01
1.372347533319197455e+00
1.921943918591439759e+00
1.016181796612903865e+00
1.667041425397900234e+00
8.985099082873699849e-01
1.691850878122786117e+00
1.242872378764924068e+00
1.124826915217379097e+00
9.403739876035916989e-01
1.019096813278447033e+00
1.190613508781371843e+00
1.639758323779115123e+00
1.351088019033003240e+00
1.312190368452355704e+00
9.317760476059150365e-01
1.311270996039746617e+00
1.353988220270553988e+00
1.433661907513399614e+00
1.703337644916576021e+00
2.297131173632017020e+00
1.148173717504565650e+00
1.930210187410545730e+00
1.130340513856632700e+00
9.631540792774213600e-01
1.400228377049378636e+00
9.872108856104833130e-01
9.382458383127549872e-01
1.310376645218417124e+00
1.264432229426646348e+00
1.277945852638320279e+00
1.138022103056397505e+00
1.399654663947894839e+00
1.169540246720676802e+00
1.136202844608966256e+00
9.611929676959500846e-01
2.238613339096674704e+00
8.572407641941883760e-01
1.208673378362453921e+00
1.193840033130017186e+00
1.477181451467464157e+00
1.655360704506330327e+00
1.732788813162990049e+00
1.139028172065796873e+00
1.499829406038988733e+00
2.106948116868770260e+00
2.215355082067026693e+00
1.101506964589590520e+00
9.212639531529409620e-01
9.840035354283986901e-01
1.477674051545748046e+00
1.398802981289649638e+00
2.002955343642710773e+00
1.386141775611151594e+00
1.364839179863402752e+00
1.108218882637667324e+00
2.014918882120225074e+00
1.005960271752176283e+00
1.427693644095779479e+00
1.246283792608649410e+00
1.510875968571839811e+00
1.557414092045789511e+00
1.332082478358868283e+00
1.516693798305778440e+00
1.351566617444384111e+00
1.112936200417926402e+00
9.025552191156992476e-01
1.886648302180618630e+00
8.828010677837896392e-01
1.001888799935364949e+00
1.599973635650071557e+00
1.380090544254541696e+00
1.140945060120570620e+00
1.462526663473824096e+00
2.243413046058316596e+00
1.255437152250306720e+00
1.615830250487930275e+00
1.446848558326609968e+00
1.325772610726741130e+00
1.468084941379437680e+00
1.048941441050906809e+00
1.265257446186117463e+00
1.179207841063881324e+00
1.344656793180034171e+00
7.867014895587872703e-01
1.394109418495646180e+00
1.117228210556710621e+00
1.571976394157618806e+00
1.224574588189839774e+00
9.032355794413260419e-01
1.398513336380611927e+00
9.393612207122391533e-01
1.106940809421348870e+00
1.204918803421042961e+00
1.280455655199619569e+00
1.706621661859028194e+00
1.329154300871697281e+00
1.895296497848682149e+00
1.522988086408329167e+00
1.638003125369465796e+00
1.094674843204771930e+00
2.174994835094846479e+00
2.521148126110023036e+00
1.159432100787729070e+00
1.567704864713358015e+00
1.534501131618896341e+00
1.933535566421381580e+00
2.040429364024644254e+00
2.443846066431025754e+00
1.925501518768834686e+00
1.823533163222960107e+00
1.072810237104874886e+00
1.416980610450563116e+00
1.628317753946956881e+00
1.349610830954129703e+00
1.269393960372956043e+00
8.447592804559236335e-01
1.975183981840128666e+00
1.716502601778470360e+00
1.361907575808811055e+00
1.131320196301560443e+00
9.796622403543264745e-01
1.095591756184044918e+00
1.598508643375182725e+00
1.834003351432025974e+00
1.334490161838398192e+00
1.049536321719986898e+00
1.339902438291090903e+00
1.044780352703655435e+00
1.414223854319828444e+00
1.031603030211277305e+00
2.341859582268875695e+00
1.697969297128277821e+00
1.486707190037588333e+00
1.673139510633915084e+00
1.770437723204249636e+00
1.358024184962940639e+00
1.279151408910741416e+00
1.812295276740011118e+00
1.508710974628018953e+00
1.025477676057687138e+00
1.210664183879308631e+00
1.122633755191636773e+00
1.392213413245221965e+00
1.420666498746138373e+00
1.090245894678566030e+00
2.165319065718566804e+00
1.356558870855032239e+00
1.778772159854699719e+00
1.060884428650999300e+00
1.750549467627304789e+00
9.900578370345577417e-01
1.378922232278628313e+00
1.417104855366018601e+00
1.204540070901126914e+00
1.098187513353117373e+00
1.587648531987099876e+00
8.622182077428760527e-01
1.733147454794286002e+00
9.919949867360828843e-01
1.327651509239184513e+00
1.991399339291615833e+00
1.116300284197969894e+00
9.289433590978203314e-01
2.097543207293903755e+00
1.512000659547206638e+00
1.197338973005191987e+00
1.163849002973097679e+00
9.545447147945850253e-01
1.662425395947938922e+00
1.584637580293626780e+00
1.326220449647923960e+00
1.985378776784388899e+00
1.041062495861158954e+00
1.578245592145304688e+00
2.497706843515683062e+00
2.149173885435654796e+00
1.742647410823099818e+00
1.295784150748488406e+00
1.540282277793131982e+00
2.015523989702918684e+00
1.214835939482753258e+00
