2.416877015844043353e+00
2.121566850667393478e+00
2.274944211191090915e+00
2.675476206325118511e+00
2.155029638996448504e+00
2.559363012674150006e+00
1.592518368991886035e+00
1.693275101759326606e+00
2.266124031950091933e+00
2.242552166203678254e+00
1.660804836875527490e+00
2.138603285882543226e+00
2.671392689214521443e+00
2.794354100055303380e+00
2.743613012173521604e+00
2.840502752512619189e+00
2.188105499936714438e+00
2.472918618976189364e+00
2.473453811728532514e+00
2.211193670561342639e+00
1.572629800921561349e+00
2.183829392455020724e+00
2.219643166486404695e+00
2.554845076597028530e+00
2.076557811076886750e+00
2.805129208776484084e+00
2.733586428552006176e+00
2.330455664746792888e+00
1.518761879041767848e+00
2.081442194723467587e+00
2.603383228490854240e+00
2.312375678937026002e+00
2.186091759571968218e+00
1.767805748381153119e+00
2.711493891151190105e+00
2.742265744736280375e+00
2.589243900873471560e+00
2.969654807807328822e+00
2.508828515879982124e+00
2.022902082425440451e+00
1.833705223216325120e+00
2.483129995191780459e+00
2.577198148758726326e+00
2.034575578607116242e+00
2.815100091937573712e+00
2.394630024177492711e+00
1.689667936072496879e+00
1.991865135329378145e+00
2.420260939554195190e+00
2.852520343158619909e+00
2.200573297925787486e+00
2.003834012645647533e+00
2.321247742979251072e+00
2.181392635667262603e+00
2.432495954360529566e+00
2.538828914478401089e+00
2.499744043346120215e+00
1.786278295359686963e+00
2.446917915157859724e+00
2.057084289180473480e+00
1.326726061970311843e+00
2.235860854586404933e+00
2.689373911713803800e+00
2.755231514464339337e+00
2.379168293493264308e+00
2.360104458801532523e+00
2.435529982002257121e+00
2.909993722084351919e+00
1.686030023927244770e+00
2.689121918627230379e+00
2.016529227905066168e+00
2.451475400746299549e+00
2.860036653252889138e+00
1.780007870603345754e+00
2.945872670773804991e+00
1.859392729581513803e+00
2.846289908122953793e+00
2.937735411686922316e+00
2.144464550911691525e+00
1.665239370142026498e+00
2.506921638924683560e+00
1.987440181937700556e+00
2.742066308150658216e+00
1.975374778325131642e+00
1.946031407850618455e+00
1.631894053244101528e+00
2.640639117817049630e+00
1.223680719481595069e+00
2.606828102881772580e+00
2.670486322143887481e+00
2.342319733210293187e+00
2.682231601656963171e+00
2.056677105110250814e+00
2.197864777508800049e+00
2.628004604114771769e+00
1.516958116864763895e+00
2.456299786861005252e+00
2.758626514758534931e+00
2.595965217522824275e+00
2.180924411609740154e+00
1.997289312380316595e+00
2.590128712481022610e+00
2.720778859177982234e+00
2.107363624872859553e+00
2.432072862841929695e+00
2.770209999543584711e+00
2.916305778948230731e+00
2.578414743963192368e+00
2.364118346814423788e+00
2.010997367019829341e+00
2.159135597659158634e+00
1.615627411902367694e+00
2.598306992014120187e+00
2.136761146739479145e+00
2.816950773891884197e+00
2.044741771782889295e+00
2.247737711618297496e+00
1.913812670911020586e+00
2.229313802556288415e+00
2.943291159929405598e+00
2.449180960241279514e+00
2.844107596561153084e+00
1.588697586396980999e+00
1.216452192650490316e+00
2.703634931836995214e+00
2.284207553586189654e+00
2.584386048900651378e+00
2.557510616033411566e+00
2.184622728235837030e+00
2.160102134432657195e+00
2.152878195112732929e+00
2.783322581488761660e+00
2.194843109693022321e+00
2.750359321399111323e+00
2.233396662024815349e+00
1.587098515949619593e+00
2.819101651437897704e+00
1.679509699468208384e+00
2.578771696192611262e+00
2.075472634927206350e+00
2.343330843423913290e+00
2.568693370349659055e+00
2.398565427515908066e+00
1.988285519571006965e+00
1.782414940838597639e+00
2.266226412446469940e+00
2.612623329721368570e+00
2.687053788080748795e+00
2.380430957584823481e+00
2.897648645403223977e+00
1.983689757005098420e+00
2.252904485584130256e+00
2.782361184174133584e+00
1.370718566590934939e+00
2.957938734554724558e+00
2.384152244328341386e+00
2.498872753994255902e+00
1.826660512784998192e+00
2.706934469374941976e+00
2.150133173580461410e+00
2.568813741222352842e+00
2.605242173905173431e+00
2.158343871514531109e+00
2.340083040376848889e+00
1.831243309086844073e+00
2.154139870768756015e+00
2.471671001041426230e+00
2.490903344656459240e+00
2.612656786948334364e+00
1.857048294739541028e+00
2.678384884448925973e+00
1.900799686576359893e+00
2.678481170037876780e+00
2.199790964808507443e+00
1.898264588023047539e+00
2.860625150339654255e+00
2.647708682898243904e+00
1.875545559926976136e+00
2.661959562011793068e+00
2.728977958090525568e+00
2.267110791147817217e+00
2.668593487417489474e+00
2.148817419973430454e+00
2.443611639989441642e+00
1.434998038153127542e+00
2.286468548943628054e+00
2.825230512356102786e+00
1.994611064766210529e+00
1.526527529023452789e+00
2.370087735355432379e+00
2.738232765934890622e+00
2.332053509004998748e+00
2.192181659829275375e+00
1.911777089366646143e+00
2.692517564581622391e+00
2.809451404471239311e+00
1.613553362526928048e+00
2.490573330245501538e+00
2.116115849232424573e+00
2.407720610332602540e+00
2.170952109362005000e+00
2.703131456580398773e+00
2.147765210019570770e+00
1.982117334067863945e+00
2.223787164451828779e+00
2.374032748839164597e+00
2.907484638811442590e+00
2.539110256220945772e+00
2.814118492286146189e+00
2.014084864380191853e+00
2.231340399413383579e+00
2.203945338160413936e+00
2.430172861551054275e+00
2.530012461792873868e+00
2.489263093417449113e+00
2.937126178961892986e+00
2.479156683624467838e+00
2.242011236996479973e+00
2.543877495688817270e+00
2.612915799945559225e+00
2.066677317832418481e+00
2.676583388278934716e+00
2.083448071875799279e+00
2.423047188584117606e+00
2.720787256833652634e+00
2.645553383216345367e+00
2.289496077051088374e+00
2.187789590050230437e+00
2.294349668736806791e+00
2.511364863050925322e+00
2.250241575764021285e+00
2.234834971109787460e+00
2.199760007196143174e+00
1.975158510700521397e+00
2.607294772017267892e+00
1.961246484120509503e+00
2.482190286995692663e+00
1.467533905944451433e+00
2.863943409494862813e+00
1.818370293570633400e+00
1.990926794471953754e+00
2.101076776140758717e+00
2.031589915685556136e+00
1.990583706347586190e+00
2.693394894873812895e+00
2.314554123408738562e+00
2.527081138767263813e+00
2.284480608695781179e+00
2.369259655066878967e+00
2.464926508457839560e+00
1.393103564570030262e+00
2.237666182395819270e+00
2.402234283500446210e+00
2.316294404375065064e+00
2.013301760947182384e+00
2.854503996423615408e+00
1.623152613277862866e+00
1.922805434042423434e+00
2.445612506562050648e+00
2.960675980644360550e+00
2.414367393073816537e+00
2.003924219034384890e+00
1.949780765602763477e+00
2.295870913118392309e+00
2.681129496036684934e+00
2.738406845382180599e+00
2.876152650149533141e+00
2.449070708516324579e+00
2.930155326468349752e+00
2.277231074150903645e+00
2.593674750676788321e+00
1.941577773310643629e+00
2.468044035441938622e+00
2.040626189156291126e+00
2.371263002173440881e+00
2.194198239433607256e+00
2.723050219794846516e+00
2.026444967682853981e+00
2.465117197799253201e+00
2.902102073738917376e+00
2.692512264373110753e+00
2.063057110828717899e+00
2.616148904816156140e+00
2.566573180735051363e+00
1.367227857899487642e+00
2.721765105506831262e+00
1.428918206254009338e+00
2.746145437989504501e+00
2.545176497520463599e+00
1.492487405448332805e+00
2.474719445349130353e+00
1.899787507340447767e+00
2.715936403355875939e+00
2.612120154697597396e+00
2.532818395538366296e+00
2.907037006748915520e+00
2.482267836724968646e+00
2.286690871628793253e+00
2.200286460934958388e+00
2.654983950398138504e+00
2.687921418182995126e+00
1.627769929420982420e+00
1.501731371151188377e+00
2.774547203128934658e+00
2.814269086843169010e+00
2.822781937515046025e+00
1.947717495527386600e+00
2.142412412397599386e+00
2.568836582391727852e+00
2.502281414735768372e+00
1.953909636950402096e+00
2.504647716549292191e+00
2.203876773981576775e+00
1.810484123795289113e+00
2.356424843856669504e+00
2.533886757864279193e+00
1.961085853178372140e+00
2.237310605820292508e+00
2.910676041755932530e+00
2.004094583722139777e+00
1.928149855487946152e+00
2.126292907554005573e+00
2.582139011642598181e+00
2.410107712580821904e+00
2.266288961216743836e+00
2.081910828979959049e+00
2.029749344586843307e+00
2.694861683398361851e+00
2.194470559641941598e+00
2.385480097006913880e+00
2.739261173466606802e+00
2.627529846226817511e+00
2.766329955238070237e+00
2.261548758043638863e+00
2.468844813406321670e+00
2.549966057197102121e+00
2.257701697344024261e+00
2.400974814485494768e+00
2.404981194934903588e+00
2.115337162465843690e+00
2.176882125952318336e+00
2.619977629113074080e+00
1.921986722312082341e+00
2.270795741357838349e+00
2.565881340380935072e+00
2.115938864671861541e+00
1.975307284087175264e+00
1.669029240481683107e+00
2.779386972519550358e+00
2.609858917121215427e+00
2.593212153158773514e+00
2.521614195502563049e+00
2.716456993732837333e+00
2.444600923120261005e+00
2.615805165334741389e+00
2.756860569489342438e+00
2.636291101625052313e+00
2.227352611051211184e+00
2.550061755175353717e+00
1.975132344403676576e+00
2.086431137278236925e+00
2.343696144863022468e+00
2.841319344490878862e+00
2.827917895640989610e+00
2.400870163579523542e+00
2.217407722717943841e+00
2.160221622772213301e+00
2.499781010451486818e+00
2.554468926035433629e+00
2.269351456938783151e+00
1.906118262335084079e+00
2.760037893160288469e+00
2.476442809033084558e+00
2.741149834230244053e+00
2.100262933295602430e+00
2.326566423901820002e+00
2.066166948487469845e+00
2.464600268025994190e+00
2.426317528967504522e+00
2.591981262135216735e+00
2.472934084082369477e+00
2.886405771295096123e+00
2.639159198349851909e+00
2.466843944884260509e+00
2.420919060474574280e+00
2.013917196013506938e+00
1.994432456001346887e+00
2.024801189392512857e+00
2.369503638625598096e+00
2.482744827957849232e+00
2.779005365114600945e+00
1.855653378301863388e+00
2.201531925253803479e+00
2.655790873381411288e+00
2.713009906575184704e+00
2.367916716840449354e+00
2.672148303429279448e+00
2.358277461018436938e+00
2.350637045596806196e+00
2.292521934223163527e+00
2.032749704757224052e+00
2.712944840922138390e+00
2.222859718620273650e+00
2.809762279492901360e+00
2.886879852388405610e+00
2.219989611269592267e+00
2.697366455235981064e+00
2.276753236614998066e+00
2.757986721690002252e+00
2.368706646769771051e+00
2.544713525029055123e+00
1.837767671096706579e+00
2.017298542950435980e+00
1.962059898469908470e+00
2.188026967644940868e+00
2.669837113575158405e+00
2.703457256419058652e+00
2.663726744447461048e+00
2.030490795654001701e+00
2.851830315672624128e+00
2.054804145814594030e+00
2.811417660792879136e+00
2.538978642199572811e+00
2.700020775997590938e+00
2.308074068680382673e+00
2.851883985985525616e+00
2.420390953844774984e+00
2.311178966880049757e+00
2.677940243736514514e+00
2.079727399215252959e+00
2.553422366087799489e+00
2.105821714947619494e+00
2.523192069604196064e+00
2.479530188523233925e+00
2.016944450726015248e+00
2.373138376648480374e+00
2.553171155240471890e+00
1.958314142636239819e+00
2.591398155034116080e+00
2.373491085526036493e+00
2.365596055756996829e+00
1.697820473301824284e+00
2.757615597400040031e+00
1.749807641400819236e+00
2.791755964742598017e+00
2.444291468640110487e+00
2.762330552813676121e+00
2.525968967452381975e+00
2.762830838925122823e+00
2.117019725250393503e+00
2.429032998696063483e+00
1.365229405435518073e+00
2.092066712032842446e+00
2.791383903651354359e+00
2.703892207452871510e+00
1.903979341974518125e+00
2.646795571349777276e+00
2.448041278858636982e+00
2.899958767816527505e+00
2.263281827237388910e+00
2.926534963811078249e+00
2.529488741997027113e+00
2.252495382054519268e+00
2.640637653312519539e+00
2.555439264505077190e+00
2.254530013772324537e+00
2.363231898977275591e+00
2.291889514578845155e+00
2.832240050410856025e+00
2.051361239373943324e+00
2.454550267936462138e+00
2.750788860194493424e+00
2.211924023883111268e+00
2.514379183460937028e+00
2.915191636426367250e+00
1.911919108053788285e+00
1.866975677086761820e+00
2.535745147082286266e+00
1.939014147012382949e+00
2.073904609649853459e+00
1.663565398157507591e+00
2.616552822597316030e+00
2.008558864660667354e+00
1.738456940190943101e+00
2.245616999619409526e+00
2.138501264161850823e+00
2.914445375611872890e+00
2.638823932232510217e+00
2.021583151760140140e+00
1.763534665034829363e+00
2.779575491345421145e+00
2.807826569647207560e+00
2.755517536108079479e+00
2.430309276019353426e+00
1.882752200182732816e+00
2.113532631236886061e+00
2.679807168665134576e+00
2.740908507480741996e+00
2.656685316136500496e+00
2.863948668733962144e+00
