2.347213545582386374e+00
2.977094611269109681e+00
2.859613842352752400e+00
9.217982182275795688e-01
2.307445267724903992e+00
2.360290458840502481e+00
2.703210828727025117e+00
1.746020812863889216e+00
9.114348454912434283e-01
2.169937307720340769e+00
1.203220723128408665e+00
2.513097665485525489e+00
2.352640214497088600e+00
1.014583300817629707e+00
2.467657431894837217e+00
2.819784195926457127e+00
1.630114174532852900e+00
2.547987269507050456e+00
2.843330846254932265e+00
2.197778833008012356e+00
1.486897119995417516e+00
1.299370075582385375e+00
1.025270984373599870e+00
1.999688133983620331e+00
2.599260766725110194e+00
1.660550916416698941e+00
2.510712404548192112e+00
2.726412517952071290e+00
2.361791613775705123e+00
7.761632055543954412e-01
1.706114800152285227e+00
1.128736425523960030e+00
1.184517182643090916e+00
2.611688607551786667e+00
1.188544602747009238e+00
2.119443619992384953e+00
1.294954080741889557e+00
1.475981702975256438e+00
1.017140101162937738e+00
2.659838814073520297e+00
8.766824034999963766e-01
1.834923813744535614e+00
1.780556593526015474e+00
2.292293797103185149e+00
1.715374167566057428e+00
2.674795627353978134e+00
2.696598080426409805e+00
1.994671409838072673e+00
2.823650599291751995e+00
1.188464512294803210e+00
1.557630954312515303e+00
2.594134917430324094e+00
2.248397417849509861e+00
2.832904157094187081e+00
2.000316078828634936e+00
1.400193254405318610e+00
1.255713722638419405e+00
2.724647210311585077e+00
1.523641062545990632e+00
1.091167892225837210e+00
1.539992695866372774e+00
2.796483262464422026e+00
2.093513807755631895e+00
1.756863465253791334e+00
1.942988517055962205e+00
2.176021956715609385e+00
1.802362854806760284e+00
1.236707047284325123e+00
2.250062107838180836e+00
2.214034314773884571e+00
1.974738236511955902e+00
1.935227655504971445e+00
2.832910362404363447e+00
9.729518567146417940e-01
1.883718292911258141e+00
1.360869090668737291e+00
1.318708542050865296e+00
1.827014667444934348e+00
2.215495010739387372e+00
2.404624337614595042e+00
2.573104377869583903e+00
2.824291778953120335e+00
1.209524135091879282e+00
2.622050166396512783e+00
2.673572589915957032e+00
1.716397522035587375e+00
8.641385713759917042e-01
2.200675341918093331e+00
2.143729097248472826e+00
2.399023712620300230e+00
2.364310235716207576e+00
2.727329969145427135e+00
1.527726317283838231e+00
2.883706180254370199e+00
1.590008081121045524e+00
2.519922716954352548e+00
1.782549325328334877e+00
1.820302516306389284e+00
2.018423440113084943e+00
1.965573669070847629e+00
1.589066655177671095e+00
2.274842091681768874e+00
1.286712209663618101e+00
2.944776003969367117e+00
1.236184289179305340e+00
1.835657211463276095e+00
1.511748232831809702e+00
2.177169597770666876e+00
1.758681006962065085e+00
2.210606121813482705e+00
2.350177953975466139e+00
1.158321407866087505e+00
2.675755882814394138e+00
2.425673629669983900e+00
2.150944851188508533e+00
1.343949819764298503e+00
1.678748560074390328e+00
2.049992439239730402e+00
2.100538172035678386e+00
2.220263647371054638e+00
2.624787336339383437e+00
2.046882300824988121e+00
2.953071892123521724e+00
2.398968337757205749e+00
2.596894965837297065e+00
1.315634526134534799e+00
2.204391257132181536e+00
7.975201652053539592e-01
1.431766975818478338e+00
8.476354685041543879e-01
1.459571064503373483e+00
1.933961587246643798e+00
1.347869871624707505e+00
2.392459973851025268e+00
2.127729599759129897e+00
1.949291143340811550e+00
1.337394752674248011e+00
2.053403351388729092e+00
2.250668672220115241e+00
2.049558006940070953e+00
1.418738858436105366e+00
8.866294545160250395e-01
2.451578462481446063e+00
9.520077749947294388e-01
1.774712413654665921e+00
2.482119821579542585e+00
9.308264765677044528e-01
2.866132561692543490e+00
2.410506881878051288e+00
2.301544015256641984e+00
2.268930418283681583e+00
2.831341385685654632e+00
2.404279056465089326e+00
1.820596578821020106e+00
1.359857481729220829e+00
2.525175855595358509e+00
8.462022727494905583e-01
2.920049665191527311e+00
2.259354914205855991e+00
2.138320612646641194e+00
2.180142758558581750e+00
9.028470513693894750e-01
1.285060902349360212e+00
2.131924866804373764e+00
2.698744806645624550e+00
1.571289277385413019e+00
2.442160698741232761e+00
8.415222350353736003e-01
9.876704928101212033e-01
9.702582653723730299e-01
2.040359805119063008e+00
1.119723918338336066e+00
1.158167058773009295e+00
1.337035095082399927e+00
1.828617822992087305e+00
2.571530452206001627e+00
2.865561864981730711e+00
1.253201990179966030e+00
1.688077272139928420e+00
2.045623489318606048e+00
8.750272882327150281e-01
9.766026802683485109e-01
2.905549042340853205e+00
2.401532377733269552e+00
1.291835222738839883e+00
2.449902448119114950e+00
1.639381800896551500e+00
2.648564360193840006e+00
2.285685323219077691e+00
1.714827613575753196e+00
1.446480006868914314e+00
2.411909513673896832e+00
2.379913354254832747e+00
2.211165445211219271e+00
2.275114744609418871e+00
2.277630889504873579e+00
2.657048271483568147e+00
1.958235505266087362e+00
7.515799507457274764e-01
2.760599458810813811e+00
1.490823262214878486e+00
1.442812982323880444e+00
2.146902956489717518e+00
2.381157688726573518e+00
2.359703756867720159e+00
2.320108834195034220e+00
8.604386641437888894e-01
1.314832447302010765e+00
1.469652415585483762e+00
2.094225122656271143e+00
1.445181879699004357e+00
1.583983630297989942e+00
2.742750582787730096e+00
2.814283692913785995e+00
2.449382977779862358e+00
2.407352341589735545e+00
2.315379378524519360e+00
2.393926425694600013e+00
1.684647412505231534e+00
1.554132940581158584e+00
2.547573134463137823e+00
2.608560345086293086e+00
9.071530556511766541e-01
2.623195240735799683e+00
1.326532348405711215e+00
1.445566243651515315e+00
1.068021159536259201e+00
1.511884248191905478e+00
2.271987174293764955e+00
1.142721033430248667e+00
2.856902983692654274e+00
1.191336474922793709e+00
2.851546008937932086e+00
1.550856140654274906e+00
1.559132356516234941e+00
1.224482541598207685e+00
2.980134952322069264e+00
1.958426257893337796e+00
1.920950513750623312e+00
1.076032700326543745e+00
1.852187354372224926e+00
1.962025580520767365e+00
9.462664396386335497e-01
2.449690974874707994e+00
2.439022320745830807e+00
2.484145240973881563e+00
1.185982424897527920e+00
2.598976967899796264e+00
1.433979581389597246e+00
1.882758682855780741e+00
1.442718166643884858e+00
7.569635606131629446e-01
1.138056703626045607e+00
1.571673338604342218e+00
8.907410421894245145e-01
2.007248585451499423e+00
2.139106361996093941e+00
8.282234610264667118e-01
2.033177348369100024e+00
2.540644858573987364e+00
2.682084552897053609e+00
1.552298811557129898e+00
2.220892476718429265e+00
1.482038810738715684e+00
9.461338833255312775e-01
1.534834497710691803e+00
2.683106443028094645e+00
2.458750529257831552e+00
2.118015352757180558e+00
1.899083776521141242e+00
1.680320759425763644e+00
2.757750081863577840e+00
2.381205856858591652e+00
1.981913081720224401e+00
9.971463980879853306e-01
2.609754432580804195e+00
1.788993521489479877e+00
9.886961181656992448e-01
9.380193744084983631e-01
2.440377274211763314e+00
1.282984442211368981e+00
2.696034665616115156e+00
2.176943347990270006e+00
1.840078857811417556e+00
2.410093656108018401e+00
2.407418253535426267e+00
2.379375998916553048e+00
1.722059470537963044e+00
2.363538660456665053e+00
2.134384065756044002e+00
1.414619073479348899e+00
1.062457775003180283e+00
1.058166269218875577e+00
9.990531819246741829e-01
1.193081939634185407e+00
2.806748918928215542e+00
2.044845650918557300e+00
1.562297935935772708e+00
1.481766171544898869e+00
1.183681526481324964e+00
1.734826413859802408e+00
2.203992279782742258e+00
2.249151583710890190e+00
2.601745670376574893e+00
1.848814028929319786e+00
1.136259928078674264e+00
2.707519137516260166e+00
9.036980443870825663e-01
1.374771146324380577e+00
8.314039042090605180e-01
1.442981214947264945e+00
2.778866557604660059e+00
1.663155060593908718e+00
1.284677531921282645e+00
2.625807351325176064e+00
2.246447591643629060e+00
2.158761728031652893e+00
2.785058338152705648e+00
2.894286749263019765e+00
1.949383055796013453e+00
2.269355742536504739e+00
1.985353186329585240e+00
1.664374982296546790e+00
2.357057155312328511e+00
2.833138198894154858e+00
1.638667996667583004e+00
9.360676640398071235e-01
8.893791389375564904e-01
1.643911614513296815e+00
2.245722050409557191e+00
2.051369658436991372e+00
7.569685023900069032e-01
1.232317361492868635e+00
2.696840842705577224e+00
8.059599071597746134e-01
1.697333110828546321e+00
2.671231853459632433e+00
2.373454318764379067e+00
2.555447611583929302e+00
1.764861962079069091e+00
1.330405921322666885e+00
2.685507314824018721e+00
1.851254938941194750e+00
1.977671663183902195e+00
1.088521661329018064e+00
1.244867381350442059e+00
1.872139730385725898e+00
2.501892187131414147e+00
2.935946300759093575e+00
1.826595691676934363e+00
2.858310695749033847e+00
1.676631003718691559e+00
7.617276477018166680e-01
2.602755179505242822e+00
1.416670648934264420e+00
2.803004146108052375e+00
2.711265113557259188e+00
2.914325439005288843e+00
2.917136807017397526e+00
2.288986848075839298e+00
2.157508361432462607e+00
9.344170506457947223e-01
2.827370081588945538e+00
1.104005224258733708e+00
1.744096625455699989e+00
1.819655186992202411e+00
2.111292187439145707e+00
1.815124297806387066e+00
7.946176539359767199e-01
2.655657291523824348e+00
1.984874006889978393e+00
1.732814262884060597e+00
2.854478804353212773e+00
1.560099862788977720e+00
2.125407872866306835e+00
9.993234878751768857e-01
2.368075160873158502e+00
2.860466273075202182e+00
2.595903408804822732e+00
1.038315920108949131e+00
2.812292815478957486e+00
2.961054654532417008e+00
1.717329029678799301e+00
2.688623092690261007e+00
2.456670798075818674e+00
2.598421593375614513e+00
2.908341907907042057e+00
2.435358031343952234e+00
1.125386391845927481e+00
1.722302935411276659e+00
2.088886127103886547e+00
1.044783470429438532e+00
1.522329705892595308e+00
1.322500941535030172e+00
2.783531308497502632e+00
1.692160782726123802e+00
1.117692867565725168e+00
1.088166342612827187e+00
2.590081164868899055e+00
2.249240247055403152e+00
1.476715178154389685e+00
1.953818072281990892e+00
1.837226839530278433e+00
1.672113693099126497e+00
2.502426916233862819e+00
8.907430458380697358e-01
2.466754265649874434e+00
1.745928635935453999e+00
2.600300571687678808e+00
1.054984908347891936e+00
1.651478197445068741e+00
2.508320164121703222e+00
9.402929808553069924e-01
1.584393509022429702e+00
2.669074608940238846e+00
9.104426265086255077e-01
9.768253333496638158e-01
8.065536990757082858e-01
1.611030662068045904e+00
9.181135618999202164e-01
7.715948988634646621e-01
1.055292141151060736e+00
1.480141792168902626e+00
2.751940648864228400e+00
1.031690175924780739e+00
1.936428309729048891e+00
2.006527904753761415e+00
2.881400342606084575e+00
2.192210026680337265e+00
1.367688196972660641e+00
2.607358117320054181e+00
1.681236184447169713e+00
9.605010563881388741e-01
1.542215596908279807e+00
1.786021750380209605e+00
2.666983936840169100e+00
8.518325543176670234e-01
8.335582518469445423e-01
1.050107766304035906e+00
1.873223923346511333e+00
2.047800148956847366e+00
1.133439754444371061e+00
2.610285551587015362e+00
1.645549906403639406e+00
7.953402701305242184e-01
1.841905461477541195e+00
1.904416507025068261e+00
1.805033560411070548e+00
2.464105324741439063e+00
1.115409453322251832e+00
8.490034235867427448e-01
1.139603623310714742e+00
2.952285694975027130e+00
2.542717737845136661e+00
1.022921011065346830e+00
2.993846384765752600e+00
2.916222031844624585e+00
1.652580837810871728e+00
1.780826959234382612e+00
1.271789718637849287e+00
1.096064355189937389e+00
1.023560998151326284e+00
2.014698935120969203e+00
2.392761153510508443e+00
1.097034357053845222e+00
1.235669487432606406e+00
1.366804322488104351e+00
2.436805652440976466e+00
1.232383352050105962e+00
1.711086386040949314e+00
1.690881903813960196e+00
2.419721521687824506e+00
1.650826773242838774e+00
1.862505009581972626e+00
1.228859281557002525e+00
1.357337842548131945e+00
8.804846573553608557e-01
9.107222072166256677e-01
1.797131759868204837e+00
1.033072293328678670e+00
2.382534416141732780e+00
2.813523254752819280e+00
1.327331535635743354e+00
7.671549134696036276e-01
1.153905156841799950e+00
1.787113311717676734e+00
2.495266123232303457e+00
2.213111616517238200e+00
1.347568421023382035e+00
2.035197261731630292e+00
2.710726880543470330e+00
1.829104921763839320e+00
1.861743645141198389e+00
2.559397315103239201e+00
8.981403898569739752e-01
1.641499798486842021e+00
1.019085607347104183e+00
9.912537577243266673e-01
1.790872007095776430e+00
1.808160991555830988e+00
1.205834988891970161e+00
2.065339207196243088e+00
2.481407529428795833e+00
1.510440453493676838e+00
2.477237983774384311e+00
2.879318333136699160e+00
2.787739903398235963e+00
2.387246520424409546e+00
1.186046735854820344e+00
2.625352040619053362e+00
9.136319883001605691e-01
2.362736992704582484e+00
2.085739047875716956e+00
1.092578011894892676e+00
1.874723931918335307e+00
2.654183261822942619e+00
2.017808328320323863e+00
1.677449534611215043e+00
8.008392766239427196e-01
7.730630158086981840e-01
2.761126607874721639e+00
2.490140426545292662e+00
8.946410840901783956e-01
2.015906713947335227e+00
1.531210874011117884e+00
1.956588140149713606e+00
1.650171837098828975e+00
1.413626560831609424e+00
1.162493268984535977e+00
1.222921417394520871e+00
1.208138174777630969e+00
1.526180095522121860e+00
2.090347291921675232e+00
2.029166966855241672e+00
9.853170571584456416e-01
2.248451187408763374e+00
1.426259209236904857e+00
1.142308857516319609e+00
2.829135127174387421e+00
1.219127331731337360e+00
2.023987655780419725e+00
1.540227267839184400e+00
1.078968370716452352e+00
8.458891371860202124e-01
2.675648693383981147e+00
1.564228323879664151e+00
2.778103717154113639e+00
2.985796679036362811e+00
2.108657901479225050e+00
2.435155649392775956e+00
1.084431095358162178e+00
1.830939448119432544e+00
2.015139775632078134e+00
2.699210695855386533e+00
8.052327505618603887e-01
1.346372809379601465e+00
2.280273962046462710e+00
1.696077973230804226e+00
1.719677458586623686e+00
8.609490203973744205e-01
1.084601591250058839e+00
1.750046585926276377e+00
1.745113964024617825e+00
1.214600490939718558e+00
2.710678787691747083e+00
2.530413639817588933e+00
1.134085983537238995e+00
2.531032281086421420e+00
1.036723810472932827e+00
1.114695988951300620e+00
2.269300131515835872e+00
1.232557838346721502e+00
1.275647049573285008e+00
1.062155130605783260e+00
1.492072842830162394e+00
2.309719286799452043e+00
9.405633869292240323e-01
2.507215158108738962e+00
1.257532005947254339e+00
8.583336352389051571e-01
2.096819830381259742e+00
2.346031732668508951e+00
1.454949274287506311e+00
7.760918223372479385e-01
1.104608188430559856e+00
1.323269909907025976e+00
2.901228091877143367e+00
7.641436193963455636e-01
2.127885585185950390e+00
1.635686440144269671e+00
1.714129575883381440e+00
2.882527034533162169e+00
2.471632615827684010e+00
1.074210136304001306e+00
1.485571607226551905e+00
2.182221499242418261e+00
1.562434754806982351e+00
1.373931117501346222e+00
2.144173274338405655e+00
1.745890805865608186e+00
2.192704247397883055e+00
2.084411909630551563e+00
2.152456949628423821e+00
2.144309015209890479e+00
1.634131676214176210e+00
2.351075170927313440e+00
2.154630482418139703e+00
1.572680585657408647e+00
1.131820972210457743e+00
8.888973186531339277e-01
9.411353791754200060e-01
2.375417565311415569e+00
1.133757316997254128e+00
1.903224121309763373e+00
2.589622822330687413e+00
2.057631999565665115e+00
2.331740106530988399e+00
2.455140043747960021e+00
7.844146781229118792e-01
1.632255075475055772e+00
1.353900010432081080e+00
2.078612390896479312e+00
2.133946300221837511e+00
1.481270986789277266e+00
7.525802550488897014e-01
2.844769299944149399e+00
2.407447374235688997e+00
1.410321137538571801e+00
1.811411385926372963e+00
2.002285747069872723e+00
1.164960625517879045e+00
1.452876748627280001e+00
1.869533211209965851e+00
2.752921555220313898e+00
1.120675711889835835e+00
1.136092364663187082e+00
1.155470375294018082e+00
2.915277225119862425e+00
2.417387431993229807e+00
1.717258348791593336e+00
2.415528730714260774e+00
2.357881489019410193e+00
2.772084747541796457e+00
7.883451922259553379e-01
8.457384515178767437e-01
2.025387738811315064e+00
1.061309199497503020e+00
1.920043229986726052e+00
2.785776326906071798e+00
2.397091006415134729e+00
1.256574338155273196e+00
1.291056721480464908e+00
2.157233975637834256e+00
1.880490830158671356e+00
2.944170596347288171e+00
2.344380018851790481e+00
1.731991977565303209e+00
2.015917869907923876e+00
1.236780758004073721e+00
2.571337927817365809e+00
1.053172739359127030e+00
1.177517157928679392e+00
1.549274793739671363e+00
2.035816305634740253e+00
2.761717634339977856e+00
2.589055940214395335e+00
2.798735675471753392e+00
1.122890459217038117e+00
2.144480845379557188e+00
2.165367430197103538e+00
2.689871854894543723e+00
2.925990270208816746e+00
2.882117455754348523e+00
2.372783241783361419e+00
1.556924329891132608e+00
2.886628226148776122e+00
2.221037048985639917e+00
1.648602220602537249e+00
1.836531881319229953e+00
9.753192813465627609e-01
1.546831890537834209e+00
2.163552659925804811e+00
1.778499269949098238e+00
8.189018891722128490e-01
2.080690321883537752e+00
2.912567316666689443e+00
2.767651951732240878e+00
2.744018219949439175e+00
2.794221857961442623e+00
8.098494434799108355e-01
2.256172272834477077e+00
1.955028028602564305e+00
2.433358386150155539e+00
2.419896953418502861e+00
1.583259843156157087e+00
1.788169479493555425e+00
1.760119795091065420e+00
7.861269485119998235e-01
2.408707122581930093e+00
2.854281893084988475e+00
9.484602305284007828e-01
2.236383374412324265e+00
1.089638426564397466e+00
9.806114054545019831e-01
1.185000859655471750e+00
1.476972188814439590e+00
1.372667364101599174e+00
2.593868957494924299e+00
1.321789874535750142e+00
1.467573600984076077e+00
1.619458113907479291e+00
2.053037821490090842e+00
1.570012485962714477e+00
2.487474619862961589e+00
1.652369099080037929e+00
1.204552287999631766e+00
1.740169104327098371e+00
2.979824017834910688e+00
2.007238911369789047e+00
2.983975794871431830e+00
1.303902330165761958e+00
1.851288549398539596e+00
2.788365367023441177e+00
2.859740080935605722e+00
1.628761398977461194e+00
2.482204279421551085e+00
1.736671974771025084e+00
1.274663525271134024e+00
2.712272111257164386e+00
1.602125097800229270e+00
1.617753349716319677e+00
2.282948744503120242e+00
8.382377081716159140e-01
1.904109202823138114e+00
1.713267909762371755e+00
1.128303547580204125e+00
9.648204736154860628e-01
1.289642877897176687e+00
2.309629638736882207e+00
1.941256745208775891e+00
1.669813244888544324e+00
1.320237725116337080e+00
1.503673062123738635e+00
1.602186535062000372e+00
2.704789154012366748e+00
1.407311509488960999e+00
2.324351074149487495e+00
1.844369292011244887e+00
1.514379603116419171e+00
1.754613720491044138e+00
1.793119951727992323e+00
1.709350400185573049e+00
2.090813739448251773e+00
2.105545579734966033e+00
2.901851613370297400e+00
1.561245548603864108e+00
1.589398765291723858e+00
1.837386468522201222e+00
2.791316593016808678e+00
1.191109875643081795e+00
1.769774639910701275e+00
2.972523123828576086e+00
1.182060889592296160e+00
2.612648124860926124e+00
1.656011428492546234e+00
7.684997716193648909e-01
1.390253033880086475e+00
2.374816394262698083e+00
1.716227984904060477e+00
2.907817182037196080e+00
1.363518661471722515e+00
1.314235020584680225e+00
2.745487813123804077e+00
2.137576366614191148e+00
1.225987307456114950e+00
1.445672709813469847e+00
1.170959843937889655e+00
7.840597217749185610e-01
2.525963996304420256e+00
2.954604843149520210e+00
2.526375446502318489e+00
2.567247725028275696e+00
1.235414817604024940e+00
1.368262383173485031e+00
2.034096739248642205e+00
1.236636263396889923e+00
1.734035692835936393e+00
2.633000074808738766e+00
9.791528696115310293e-01
9.189570821841512860e-01
2.925978927594266032e+00
2.972081930267187921e+00
2.208367631554479349e+00
1.611585716418182157e+00
8.487489196864468344e-01
8.705161565135662860e-01
1.783210769789423944e+00
1.290884951180919282e+00
2.396346512651103211e+00
1.293301560215818213e+00
2.607338846864102333e+00
1.045007468378886362e+00
9.187004671048872861e-01
2.926402694549993910e+00
1.339012842879264253e+00
2.731655974241778750e+00
2.052584274131686204e+00
1.945439709833964859e+00
9.752361051854103735e-01
1.213929507526311902e+00
1.656262181382853083e+00
1.778885712166606403e+00
1.255279597360651866e+00
2.074324782218037733e+00
8.932899095423468827e-01
1.018027590432800444e+00
1.385201250383966798e+00
1.077128988648965890e+00
1.390747835673133759e+00
1.204077190630789218e+00
1.645687913486403531e+00
1.304990925805691315e+00
2.455165046391161621e+00
1.256998523576937199e+00
2.212941380363524502e+00
2.659718247184302609e+00
1.139277648373592244e+00
7.639802243988779162e-01
2.550493424288375888e+00
1.163793449706276073e+00
9.002685059743747997e-01
1.089415705190133643e+00
2.693145114283141961e+00
2.955556001849123593e+00
1.422061920736819918e+00
1.530106950202320126e+00
1.877211232723713374e+00
2.597826476781601279e+00
2.892677597045620441e+00
1.725124381685957609e+00
1.669266220202497042e+00
2.937877634817072980e+00
1.939021172660204240e+00
9.230926955735202499e-01
2.056800571594022298e+00
1.041502490720821683e+00
1.444933598285390142e+00
1.329956908467077037e+00
2.017111550327573166e+00
1.246674824166869033e+00
2.407261101373640688e+00
1.471741427555817383e+00
1.682072557524719514e+00
2.366641424872363508e+00
2.888392457047599393e+00
1.923814841980710399e+00
2.102281903456765910e+00
2.374682430492768059e+00
2.360063204668326975e+00
1.224775675681295750e+00
1.725200458768001877e+00
2.425675425629953086e+00
1.457751938939478631e+00
1.179919363499242424e+00
1.039621121665108561e+00
1.753341129492193451e+00
1.670953150389119513e+00
1.931864205066722739e+00
2.579979360322108839e+00
2.430805968361305247e+00
1.972950075571049844e+00
2.100603611333917264e+00
8.840708372100410939e-01
1.112504976597850970e+00
1.953219639224258231e+00
2.106954181632142209e+00
1.811429346285463371e+00
2.511277127559325972e+00
2.583114616233103344e+00
1.476949251559561471e+00
1.038444828434912592e+00
2.434584879757089482e+00
2.398609892404299782e+00
1.565846763501499872e+00
1.782063233523609069e+00
1.712769968256841135e+00
2.508647024569166550e+00
2.736013709671357930e+00
1.275916550020971041e+00
2.624662751364403412e+00
2.181660249667026985e+00
1.086668772462585419e+00
1.522298662794007162e+00
1.242644962690894861e+00
1.287892823411600052e+00
1.096587782841639047e+00
1.724021412179928658e+00
2.889309785534552422e+00
1.529338750765194987e+00
2.247095795150208630e+00
2.367171082778877000e+00
2.750145626033466240e+00
8.852898286302648412e-01
2.882824802896298166e+00
1.397554821228309985e+00
2.793758784009613638e+00
2.837230373648985893e+00
8.109415679430829194e-01
2.209182308394188610e+00
2.891977286095673616e+00
2.169488642155347868e+00
1.586332619049019232e+00
2.795234382033529474e+00
2.377300350531830198e+00
1.901599417949983550e+00
2.182101755101314211e+00
1.456761511267976150e+00
1.948900545835564602e+00
9.290357432899696288e-01
2.244349978523510813e+00
8.061704477648452549e-01
2.900732477725304292e+00
8.071828308300474930e-01
2.912870131194416068e+00
1.071237514840347238e+00
2.944020857913729472e+00
2.986134153105930888e+00
1.230131885283127779e+00
1.487991210845614365e+00
2.188521553708222989e+00
1.618183959312775810e+00
1.606530001297773236e+00
2.113909712827368281e+00
1.616355141626445002e+00
9.488327814174559727e-01
1.470176827336159731e+00
2.524609794290684661e+00
2.816169473361023190e+00
2.090569616664367913e+00
8.552317132104886310e-01
7.692851355654934942e-01
2.345017375420916039e+00
9.406893673061119676e-01
2.267236824755428426e+00
1.204899091559427760e+00
1.216285355032053372e+00
2.355650550158987500e+00
1.047822235067253693e+00
2.984598919552855723e+00
1.706381509005368002e+00
2.985271769304311373e+00
9.636962104334843016e-01
7.579464648155929130e-01
2.330299461845748432e+00
1.277070300551249815e+00
2.024524339631467384e+00
2.049216972913595836e+00
2.618678910519363523e+00
1.343603051679328253e+00
2.700143223585513397e+00
2.494453918276005044e+00
8.576458323436380038e-01
2.337838693608586205e+00
2.312267505385819710e+00
1.861013161305458352e+00
1.998828919272014337e+00
1.848558158227840753e+00
2.320063394327624984e+00
1.500148871973264963e+00
2.277136500744854519e+00
2.395095679885410611e+00
2.213439827735938614e+00
1.060246290854027329e+00
2.986125815449192089e+00
2.604711325132702537e+00
2.867680068522355352e+00
8.840233439939336746e-01
1.883829973903264676e+00
2.150412502593059383e+00
2.257803910047664786e+00
1.660327174071215550e+00
2.925729097943101653e+00
1.469729215464092409e+00
1.515077034401399070e+00
1.689927342470218585e+00
1.084318863224691620e+00
2.255692724108192770e+00
1.758287821073630575e+00
1.726109179105973723e+00
2.893516188847797821e+00
2.186871127438552165e+00
1.131349842356095259e+00
1.811513910853077780e+00
1.703218182498326128e+00
2.540817731311507455e+00
1.403348253336200724e+00
9.771386018659187211e-01
2.825310687634592366e+00
1.161189184306772315e+00
2.551128318980669718e+00
