2.015421943291753060e+00
1.447411299003195095e+00
1.215685386372632681e+00
2.490330534269606044e+00
1.576048332666071250e+00
1.378343904645756179e+00
2.149985125711054934e+00
1.505479056595613763e+00
1.192753874276258452e+00
1.861436868950162582e+00
1.389912493671388471e+00
1.432574653814121524e+00
2.621562353208847007e+00
2.580693125546216660e+00
7.778225463974146603e-01
2.211783065101418977e+00
1.590576171487269264e+00
1.289224539190852337e+00
1.033498654117628757e+00
2.376064116103819401e+00
2.273826423542294251e+00
1.602501315209923671e+00
1.352768173742646018e+00
2.063139591855534860e+00
1.146328880234952496e+00
9.495637332593457325e-01
1.267988186348195212e+00
1.497578131740621377e+00
2.156427472919020705e+00
1.212519330577818577e+00
1.203793416812442008e+00
2.345557549638146444e+00
1.162388235628619926e+00
1.427803884574892601e+00
1.480726007934669575e+00
2.164474017838785791e+00
1.724068840978995265e+00
2.732690567677117599e+00
1.457300831739251734e+00
1.932111119254979359e+00
1.680462945521747908e+00
2.353283808719305981e+00
2.245041405226541720e+00
1.697498445535355227e+00
2.272308104032958465e+00
1.486077912049609040e+00
2.260616037044801629e+00
1.441001424649679175e+00
1.093922352116020180e+00
2.287210688280485904e+00
1.365627644755736503e+00
2.629308018130650737e+00
1.720959460713120004e+00
2.061981529164191862e+00
1.303176579843092764e+00
1.921343653784646444e+00
2.585663928682664814e+00
1.481347877534052504e+00
2.320616647166247937e+00
1.178230831110194998e+00
1.072385315121423321e+00
2.353829061353613472e+00
2.096485461136261108e+00
1.972094530692205749e+00
2.037653280004025014e+00
1.604797567889070908e+00
1.480897442534239161e+00
1.651900143254972253e+00
1.839803145629064218e+00
2.089941779492190843e+00
1.948115879520419202e+00
1.012065185619818619e+00
2.445348765103778188e+00
1.838213435295527276e+00
2.275801476768700926e+00
2.323781799102659917e+00
1.017851396349915394e+00
1.455668794376605124e+00
1.486239885863565036e+00
2.621663981051423509e+00
2.882709633511136182e+00
1.333587431323812966e+00
1.182255901222495131e+00
2.155807279922643982e+00
1.800855988210839920e+00
1.297142313508222511e+00
1.911389411524242021e+00
1.000643289348202458e+00
1.328340116489130862e+00
1.870959434287509326e+00
2.382701581281224001e+00
1.819924278823880526e+00
2.095574935925336391e+00
2.191490221726073440e+00
1.809548260994305879e+00
1.460981364697232499e+00
2.350591979104816875e+00
2.236813457061983090e+00
2.754272194993983014e+00
2.657723193774600201e+00
1.697036230086844899e+00
1.653991605331603942e+00
2.034555989518748831e+00
1.852601232014091215e+00
1.884905904813827249e+00
2.485005307019083176e+00
2.219117703350390158e+00
2.603837723088878953e+00
2.146469294687320950e+00
9.539798389209733775e-01
1.312876325943055589e+00
1.800976286496148715e+00
1.861696736225867843e+00
1.960293801987772477e+00
2.315037168988494543e+00
2.209313826100720135e+00
2.105830227553727063e+00
1.645152968116257552e+00
1.463739734720725050e+00
1.697262060964938257e+00
1.444867649322316039e+00
1.697941265398647426e+00
2.784147352174414447e+00
1.154346572347459965e+00
1.090823896772323831e+00
2.330816197580038107e+00
1.020734814313497552e+00
2.415432813369835952e+00
2.055564132868476168e+00
1.015887498994431537e+00
1.882203712087041403e+00
1.294507792600921192e+00
1.832734422889535253e+00
1.041356301306586074e+00
2.345072027881337728e+00
1.490826646741582939e+00
1.776326037115252499e+00
1.342274714436401561e+00
1.735169934957091931e+00
1.233864231483082774e+00
1.595671042975824960e+00
1.589504527765834174e+00
1.520555714735064345e+00
1.959242822581479970e+00
2.152276869243649582e+00
1.193992418536972133e+00
1.737656583184933989e+00
2.129837897299507343e+00
2.134082370556634967e+00
2.405806123565658261e+00
2.490107764638274546e+00
1.867624424381951531e+00
1.753186415119648567e+00
2.223082113391753989e+00
2.333479310054871636e+00
1.527129491288406360e+00
2.740590721674370567e+00
2.049182053383641566e+00
1.540090122567207453e+00
1.706050724071197067e+00
2.301521767466311985e+00
1.259806018477342526e+00
1.505914699155638026e+00
2.677419684151556734e+00
1.623304495753864263e+00
2.492586155410307924e+00
2.349848671496295616e+00
2.178893086470211848e+00
1.522416561892859788e+00
2.333528612294042404e+00
2.316077976667932248e+00
1.528407149794295483e+00
1.713003571487856425e+00
2.204550735178655074e+00
2.544721922239301382e+00
2.216882691878032219e+00
1.833125237955781195e+00
2.612425532123658911e+00
1.331627346208061891e+00
2.554708615442257802e+00
1.179618847712130325e+00
2.945335354524152294e+00
1.615817373293622072e+00
1.700616509708974711e+00
2.519483933075083115e+00
2.238566230129795720e+00
1.033061327492847070e+00
1.172850944664957762e+00
2.465706225489254333e+00
2.773341690354893085e+00
1.540274112439024456e+00
1.755490884723919232e+00
2.236553098357444647e+00
1.619469936725585368e+00
1.604692323494243622e+00
1.751314544207024371e+00
1.594304252734380256e+00
2.074408001314384187e+00
1.413070852879319439e+00
1.518368745666879516e+00
2.557991058488405134e+00
1.090330671846377886e+00
2.496164622640304920e+00
1.862078274276900647e+00
2.076290745972936946e+00
1.765237181373477071e+00
2.192426923241990622e+00
2.913567316723975953e+00
2.073099839693335333e+00
1.927381809021194270e+00
2.527008783690577687e+00
1.370160703935678015e+00
2.281103679539565832e+00
1.711393235299224935e+00
2.393610635818706367e+00
1.235678978341898882e+00
2.310537184231431063e+00
1.459005501495679313e+00
1.932353418625686992e+00
1.105249696153304928e+00
2.794427526014831464e+00
2.290477284520567203e+00
2.745211626685973627e+00
1.942413842382925360e+00
2.238197522906481218e+00
2.312314896675683684e+00
1.976390308998839496e+00
1.484055181999500483e+00
2.388947320929086793e+00
1.896661489149793045e+00
1.704217280911187959e+00
1.853318903817993579e+00
2.460797176626776217e+00
2.409761851272764765e+00
2.082810583164406815e+00
2.325138590533716076e+00
2.104566337924672403e+00
2.268578074734711070e+00
2.455274726440818789e+00
2.573143151744668344e+00
1.577291298733666691e+00
2.195233632721807382e+00
1.445420567932655942e+00
1.217634728461252536e+00
2.390523925225502389e+00
1.866804351267720596e+00
1.947587089976627883e+00
1.974189644907829333e+00
2.176059685405188127e+00
2.342002197784045059e+00
1.168680000857294843e+00
2.268160194743276570e+00
1.416785731537256066e+00
1.830966296131437909e+00
1.286558871695859807e+00
2.861145427574722344e+00
2.120538454211113422e+00
2.702697224972016254e+00
2.111778824828456802e+00
1.756291648716388654e+00
9.058752996426212567e-01
2.003689138778264045e+00
2.036319991707332022e+00
1.981108202307103383e+00
1.925015506700440193e+00
1.831158773619552926e+00
1.887098712196118466e+00
2.580262524233790433e+00
2.086586195432686974e+00
1.461875303982754115e+00
2.204748734800313859e+00
2.043867324274731612e+00
1.457352184794737049e+00
1.372203350971862523e+00
9.243810871479608560e-01
1.853127124035909068e+00
1.208194267670295474e+00
1.488675322582234894e+00
1.887318585284456507e+00
2.005305297608559467e+00
2.127636646907708595e+00
1.815779726907246427e+00
2.093140269809917520e+00
1.922038680045847991e+00
1.817353764296560037e+00
9.755095542954362875e-01
2.106856605974456897e+00
2.325555334440991384e+00
2.250353354521049010e+00
2.255384464953466228e+00
1.015070192414806449e+00
1.897748517824609182e+00
1.372088587183226238e+00
1.832706349937760049e+00
1.629890666099174545e+00
2.475904450736406304e+00
2.730555392812155979e+00
2.318748131574792204e+00
1.602612236601111295e+00
2.290025033012452305e+00
2.267404888015548625e+00
2.058525383330308767e+00
1.897452812030537173e+00
8.496654870221923561e-01
2.074361227887134618e+00
9.185988278121623996e-01
1.133464668894057947e+00
1.706656890773114998e+00
1.258438372828285967e+00
2.710216646247687322e+00
1.980550756702953663e+00
1.731709251087586665e+00
1.679141732715327295e+00
1.177045245924803751e+00
2.405857562058326238e+00
1.495875995838047645e+00
1.375824210638323386e+00
1.894965526100624631e+00
1.591718378134096890e+00
2.497697681506039658e+00
1.985902387490692034e+00
1.800290050879709280e+00
1.846751128304605860e+00
1.966285923537046010e+00
1.780819683996398783e+00
1.480843221128405718e+00
1.868752635312794785e+00
1.508362219571881324e+00
2.310052830526266199e+00
2.554680887271001843e+00
1.280891244450969246e+00
2.705820421574255619e+00
2.462365296602115450e+00
1.808100581261277151e+00
1.345843330058649423e+00
2.438259224648409162e+00
1.904405517489970334e+00
2.781726948828036949e+00
1.732397529717011109e+00
1.815752452124665517e+00
1.117265889475184348e+00
1.225206026008899052e+00
1.486990045835919094e+00
1.489215342146002374e+00
2.287579061445899953e+00
2.342707501957542959e+00
1.694243337061640098e+00
1.919999357092748049e+00
1.650848271464951278e+00
1.448168914716263522e+00
1.562060963787461620e+00
1.908690774674089541e+00
1.494419425649595290e+00
2.216747825863977894e+00
2.746547169393021015e+00
2.567044205860044670e+00
2.426298090328339541e+00
1.723431427615634171e+00
2.133785036172539673e+00
1.856431937703594492e+00
1.936963789412321502e+00
2.079286879769686180e+00
1.597401223843092799e+00
2.439862101896836055e+00
1.033074751257416768e+00
2.113920501381726158e+00
2.189448427471375691e+00
2.299865892113690968e+00
1.348583142727847406e+00
1.320879364351264407e+00
1.698394846241164657e+00
2.483328552174873138e+00
1.227345886123051732e+00
2.475219218167756807e+00
1.984722202171345096e+00
1.721493173927666209e+00
1.826307838782765591e+00
1.211626256324340067e+00
1.235507900105952350e+00
2.317838815767918614e+00
1.727932961498075848e+00
1.722203127720018490e+00
1.778875069545483134e+00
1.630031101725277765e+00
2.050766006932518870e+00
2.505114119344425738e+00
1.283831051209589846e+00
1.623602619638168321e+00
1.468385013119729798e+00
1.780477822177318759e+00
1.899542494279508276e+00
2.217284106899777285e+00
2.362737739951016103e+00
1.388617977294884565e+00
2.472092468309048385e+00
1.516293317268111895e+00
1.077356960561378418e+00
1.360892538977378496e+00
1.767984516851649479e+00
2.635959019719146923e+00
1.213688572794318965e+00
1.687145846229363810e+00
1.305480978917716861e+00
2.147960945429162827e+00
1.350418922688777501e+00
2.364873653283795285e+00
1.715139582420126096e+00
1.649633975147781761e+00
1.664139739645729810e+00
2.074071645453568369e+00
1.562147959340375314e+00
1.180700514423118630e+00
1.217296922486371447e+00
1.977871048990921921e+00
2.680182344829392438e+00
2.076156561078766671e+00
2.284121326291786325e+00
1.706213294798442748e+00
2.481666087163641787e+00
1.056774137468120323e+00
2.021257877770804345e+00
2.137715451577671288e+00
1.414944924175896457e+00
2.856022745613341574e+00
2.506070818922578436e+00
1.649574291827282657e+00
2.467236371170109965e+00
9.355994034360567424e-01
2.306601417804661658e+00
1.458843131621323286e+00
2.399400996969006883e+00
2.268087391048749346e+00
1.367086607634866002e+00
1.078667433271255138e+00
2.011366580697143469e+00
1.400841990199845011e+00
2.403421572710511267e+00
1.178607920921863395e+00
1.642558562267341760e+00
1.956167316770187403e+00
2.551372737547473513e+00
2.300076710790536438e+00
1.708748008312647837e+00
1.805822287961435180e+00
1.195660309630831808e+00
1.927311429727353476e+00
2.403856879383598599e+00
1.467404893211638139e+00
1.948282343525356008e+00
2.006820211948454613e+00
1.963127647302123080e+00
2.907601707302873706e+00
2.621682207864858505e+00
2.198769714321587188e+00
1.666077037332665878e+00
1.684923093007540285e+00
1.604804997139058109e+00
2.501200600326562995e+00
1.573664626594840188e+00
1.208185546911681119e+00
1.430885325888180626e+00
1.515318402197554981e+00
2.191107014057235070e+00
1.931611114146528196e+00
2.015355531903956887e+00
2.430630186941391990e+00
2.477400020406302694e+00
2.111641596361918616e+00
2.513532227162081689e+00
1.483977993265360062e+00
2.065424985385678980e+00
2.192164883123250085e+00
1.676001858556074087e+00
2.401443074461401039e+00
2.416918053363980690e+00
1.210639015272286123e+00
1.342307020083604918e+00
2.219826998147254926e+00
1.397075469840193040e+00
1.172848019252221707e+00
2.745209410410059725e+00
1.464083338428938674e+00
1.559738421518533702e+00
2.003305383006997786e+00
1.405791634780193089e+00
1.704991285357345454e+00
1.688756300142506550e+00
1.317037361071420554e+00
2.288727259977836770e+00
2.490312383191767953e+00
1.326579936766094203e+00
1.756318658550453327e+00
1.724810923061372403e+00
1.588189212847918252e+00
2.816201114456017063e+00
2.389695472819723943e+00
1.825976822465374960e+00
1.830351135636515858e+00
1.727595939449118934e+00
2.553738580083755316e+00
