2.674114431295245620e+00
1.765931690647289720e+00
2.260646797946725073e+00
1.667196670547581139e+00
2.374872945336929497e+00
8.796122721013388546e-01
2.334656235630379939e+00
2.577671951858711452e+00
2.544560809894241160e+00
2.512570311440295967e+00
2.189216296677216178e+00
2.282707096058585794e+00
1.710101538957439438e+00
2.050442603087456739e+00
2.056383979314892585e+00
2.180296594553930767e+00
1.740732210062424734e+00
2.698962530394625858e+00
2.451444654579153060e+00
2.409645490105769561e+00
2.116355238056273347e+00
2.322969169317422811e+00
2.613435463076871024e+00
1.897325410647384913e+00
2.049297955619219902e+00
2.352228776284727374e+00
1.650377387927629780e+00
2.225482492545353796e+00
2.023026018542425142e+00
2.592616743329597462e+00
2.509057210820442751e+00
1.429621820252947151e+00
2.475436973487982861e+00
2.953779915157190405e+00
2.392304782574523170e+00
1.554543022043464617e+00
2.448416670285944452e+00
1.749843781679414789e+00
1.189509295052479709e+00
2.099128676153600992e+00
1.782342950361035960e+00
2.520074926787936764e+00
2.007423138883244640e+00
1.406392151038334593e+00
2.538369119756096914e+00
2.658592418865419305e+00
2.619901863019361787e+00
1.312116530010728255e+00
1.562443272718190501e+00
2.726997304576467940e+00
2.341521563465092104e+00
1.440349128315608462e+00
2.384253444815186640e+00
2.534454579012392017e+00
2.413474137710559742e+00
2.323581891503057939e+00
2.764112306632549920e+00
1.455059458178859177e+00
2.697058993487407186e+00
1.605386483820960830e+00
2.349574576762379685e+00
2.262009937193868225e+00
2.247855494639734886e+00
2.088937630709294169e+00
2.704415052921211426e+00
2.426810416621304700e+00
2.154639553250140782e+00
2.242963254756741964e+00
2.177055775547848793e+00
1.925812324302722756e+00
2.848003452227860777e+00
2.530811665187312265e+00
2.932382597422146908e+00
1.653544129694990650e+00
1.978903922582274211e+00
2.321567033664753588e+00
1.219373168337406721e+00
1.651780927303871049e+00
1.556610642594411953e+00
2.027709777258353441e+00
1.772657092392320388e+00
2.175793654757221862e+00
1.605068437600185360e+00
2.055916883350547675e+00
2.082682352526654679e+00
2.293475162248888921e+00
1.444673677829331870e+00
2.693030502205830068e+00
1.541508727180930460e+00
2.751439526520145229e+00
2.787449339868497855e+00
2.920086157535278115e+00
2.251343148186493615e+00
1.956569408192770920e+00
2.251690200386847529e+00
2.783692629001815355e+00
1.898932967765609270e+00
2.694562528217228525e+00
2.156413490437029346e+00
2.818883886446450937e+00
2.734558832371990267e+00
1.814942547991241106e+00
2.193089596244834905e+00
2.272815446881969237e+00
1.712120861132124361e+00
2.205282912486712377e+00
2.197917070340879242e+00
1.806867162232797419e+00
2.532973798402490040e+00
2.032308913249604387e+00
1.657927107860991622e+00
1.788435975740394479e+00
2.763376333162378629e+00
2.208920172450945518e+00
1.062948716332962285e+00
2.463800746811192433e+00
1.940259195371707213e+00
2.004414513336916226e+00
2.687186334733536075e+00
2.695835799275044131e+00
2.193281896481446225e+00
1.770134283133178332e+00
1.801224643464144126e+00
2.055193486561471161e+00
2.536263308179845133e+00
2.462656847203476662e+00
2.102139351217754637e+00
2.672369153172022394e+00
2.667380658543299976e+00
2.452052707812154786e+00
2.351421135719190758e+00
1.596071103038513073e+00
1.774118994507863700e+00
1.094656482022918986e+00
1.500921811350069968e+00
2.098510884586364256e+00
2.518098987065235939e+00
1.147082453418630799e+00
2.191094325140027887e+00
2.413618511073379658e+00
1.961347779775108879e+00
2.320204138190448795e+00
2.089411625844934228e+00
2.376235159693420140e+00
2.370185459400227845e+00
2.517368171004677357e+00
2.425667996809218074e+00
2.252048700652099278e+00
2.744175824600591174e+00
1.921004165979006917e+00
2.248111627582090488e+00
1.618940504004292791e+00
2.505033615377928236e+00
2.657444413239512748e+00
2.023252907190583372e+00
1.783926488507892039e+00
2.701465569581572357e+00
1.924029323338282804e+00
2.022480442015024416e+00
1.086519807857078357e+00
2.560182472623010685e+00
2.584513563843713779e+00
2.309250558342800019e+00
1.820919988640214315e+00
2.569410396773308847e+00
2.217417845467697379e+00
1.543536403953393865e+00
2.155390388653116052e+00
2.278759531003243577e+00
1.937093765368953724e+00
2.880712746671441948e+00
2.701382855829473684e+00
8.898857280375457313e-01
2.390628400609276838e+00
2.392206861432955023e+00
1.457957401871862402e+00
1.886507952864143078e+00
1.447844205258334904e+00
2.415263983501977574e+00
1.625966504570167004e+00
1.921956224256589296e+00
2.950160771680565119e+00
2.242058635939234268e+00
2.435854718819140174e+00
2.713641542306829191e+00
2.701705788211241632e+00
2.578989586676927903e+00
2.252468084654077884e+00
2.323814563630921981e+00
2.484654173467757410e+00
1.469033930016125922e+00
2.038243280972011906e+00
1.363394707337854950e+00
2.526837173622688670e+00
1.913010498837955264e+00
2.824979792235524645e+00
2.621705990701928446e+00
2.084141151615774845e+00
1.773848880518412496e+00
2.483026403446446650e+00
2.305150889821918181e+00
1.645456770691552606e+00
2.005524998624654387e+00
2.246535760959775807e+00
1.788481364218489134e+00
2.288464420201308691e+00
2.425506195191396763e+00
2.361962559723319810e+00
2.662174300228159041e+00
1.068749698918529223e+00
2.220035448781744414e+00
1.863597563286088610e+00
2.117211793575368262e+00
2.445072594598537652e+00
2.897833556347707340e+00
1.755092303178906299e+00
2.472299723447983322e+00
2.198242896578028294e+00
9.915966123492531148e-01
2.263578791379424526e+00
2.673900237191150886e+00
1.485312309990262092e+00
2.029026222158428983e+00
2.924200570592027315e+00
1.379362981379218533e+00
2.826185154787579812e+00
2.704943263851740554e+00
2.574152489361533291e+00
2.033725356990444766e+00
1.126756755156834933e+00
2.588146672032201501e+00
1.806253622225437283e+00
2.246352093421561946e+00
1.706327202100132334e+00
2.250919978041745928e+00
2.056713904319806385e+00
2.341023278910833394e+00
2.286510144389077404e+00
2.003012918487038441e+00
2.787962796061835835e+00
2.511353373841803016e+00
2.207495184533680543e+00
2.461038489314526068e+00
1.949390019073844460e+00
2.323435416459220360e+00
8.839243990128562434e-01
1.671168046079994474e+00
2.728494819566221974e+00
1.525059218803791916e+00
1.732022163604600706e+00
2.009285419620777446e+00
2.876763962012519826e+00
1.531146559842828436e+00
2.449338410653740361e+00
1.857611746300442901e+00
1.890218245989317092e+00
1.045256133925106523e+00
2.380277413047249269e+00
2.691864945872138648e+00
1.703288772968702958e+00
2.926009035296881056e+00
2.391754591569083210e+00
1.706522509527089948e+00
2.352506298269460672e+00
2.626563491278107954e+00
2.372807152756065463e+00
2.271292773542556098e+00
2.319447574546242397e+00
2.365780942103414830e+00
7.811786268507683317e-01
2.409451641352561069e+00
1.524840089117851294e+00
2.099799519326868591e+00
2.644344656073910116e+00
1.149862580578080218e+00
1.840962366839914210e+00
2.885945559099231339e+00
1.794661813716949883e+00
2.323496921729070852e+00
2.282382821931193462e+00
2.597856703813089752e+00
2.657685991288274430e+00
2.129816041790772996e+00
2.492134243946189542e+00
1.943272891073964725e+00
1.528695852058162163e+00
2.421556944531607414e+00
2.840924759284679357e+00
2.104766908131265435e+00
2.395085803698398408e+00
2.807794215164472362e+00
1.521523724838067526e+00
2.037722928172775561e+00
2.172191543630752619e+00
1.308575740003669274e+00
2.162480943426588365e+00
2.347303081663843383e+00
2.789946236455775885e+00
2.300065583894807197e+00
2.468970815755547221e+00
2.705436516549701853e+00
2.384410925696653916e+00
1.771422993949206104e+00
2.261407800536351154e+00
2.112815700098947591e+00
2.068003478704588005e+00
1.785701304657229649e+00
2.858366149123462208e+00
1.511801683651770034e+00
1.055342300964144719e+00
2.483285145440376596e+00
2.504738266250697176e+00
1.647655757721923742e+00
2.155850821954979679e+00
2.467745187368396209e+00
2.736617281402220492e+00
2.197111767064413357e+00
2.782264618678404577e+00
2.610212130795109609e+00
2.048870062897311328e+00
2.684872597187714316e+00
1.816121959157642518e+00
1.726443021727562810e+00
1.317655943735480673e+00
1.043538879056118862e+00
2.384077411037982763e+00
1.451795116167066579e+00
2.411009333290672352e+00
2.848221873040949870e+00
1.599406322796556257e+00
1.284026337485524971e+00
2.418586431322523822e+00
2.491995631275501832e+00
2.742336186966398692e+00
2.333519675806431604e+00
2.802237987658594776e+00
1.658984676399829272e+00
1.827099037750118171e+00
2.587424740470838813e+00
2.065146700542019875e+00
2.088770047314787881e+00
1.780283561266106762e+00
2.556698468576592553e+00
2.359650266868423607e+00
1.981103177622595357e+00
2.402817171953355757e+00
1.985457133020798848e+00
1.256164635590268031e+00
2.417955805400822111e+00
1.966306712867732953e+00
2.382742695621856921e+00
1.160292695361068827e+00
2.084897682387946816e+00
2.308262736004976556e+00
2.431089045043840269e+00
1.997077836235112702e+00
2.413143288341435877e+00
2.177411702696619322e+00
2.531558437595064603e+00
2.422819915901820220e+00
2.084323604909516181e+00
2.686631608217543210e+00
2.353686136351147873e+00
2.353311281900313467e+00
1.485180385392788516e+00
2.278604389936998764e+00
2.764777039906280542e+00
2.702518792105434997e+00
1.845717453009405151e+00
2.109153976665731456e+00
1.581191721072026102e+00
1.653668301885552694e+00
1.952769468324853319e+00
1.544831816343625874e+00
1.877848966348806048e+00
1.984785549457134257e+00
2.510214963874128014e+00
2.497435410404113210e+00
1.626501202042766048e+00
2.488999396891716565e+00
2.493262867970420515e+00
2.332418960622339110e+00
2.495085657984177363e+00
2.334393235813153389e+00
1.245154987854010020e+00
2.612177508107798918e+00
1.694800105748637264e+00
1.894775517328412651e+00
2.595657568298686879e+00
1.414018854502842704e+00
2.500118656320541533e+00
2.237254614247508488e+00
1.789327671666125497e+00
1.535904601981090689e+00
2.538244146029412729e+00
2.374190216839854095e+00
2.621765235447291342e+00
2.220842913797409945e+00
2.469318364626042595e+00
2.562289401624839424e+00
2.406159585256803179e+00
2.086703306945173253e+00
1.551111222604744988e+00
2.607186280254742528e+00
2.175157658887753698e+00
1.129300924632044678e+00
2.804298773705879100e+00
1.608793780007694352e+00
2.666174095919526366e+00
2.626673337047246370e+00
2.276154936048201183e+00
2.494980901395220663e+00
2.514691861817188290e+00
1.611643077562769921e+00
2.366881934361469764e+00
2.227399804003818318e+00
1.867555977809068235e+00
2.621257813976990647e+00
2.779441508320556142e+00
1.504971575285847019e+00
1.494336544077599083e+00
1.036582839019346558e+00
2.448939572982517188e+00
1.998164033821795194e+00
1.923974753277000183e+00
2.791993656617300257e+00
1.899506512898044619e+00
1.404358855768363501e+00
2.799493147869419385e+00
1.769854836445721613e+00
2.242482605247865468e+00
2.871364961259827986e+00
1.296339783085685538e+00
2.563405556491875181e+00
1.901542839034648491e+00
2.113729429074353128e+00
1.346003060545431840e+00
2.193409366695041385e+00
2.301268441510038176e+00
1.738078291442119561e+00
1.760404053164653204e+00
1.910534762754643179e+00
2.706423281548651527e+00
1.851142091300840953e+00
2.148654191506484956e+00
2.548481573613675888e+00
2.000255861362031595e+00
1.824370954024511438e+00
2.193592452898334155e+00
2.193423520905429580e+00
2.343133547754878698e+00
2.650840324034987372e+00
2.936690662744659619e+00
2.482834281357878758e+00
2.396166835946555107e+00
2.139332723368589484e+00
2.147030907470569794e+00
2.059001466274097858e+00
1.930251639952325515e+00
2.201268062998994690e+00
2.621828411806450987e+00
2.778338015073890332e+00
2.342651042859164257e+00
1.910375988797075042e+00
2.782483197773821360e+00
2.548212584755848553e+00
1.834829110728372292e+00
2.852468041000702836e+00
2.251404803410606448e+00
2.187022109975711892e+00
2.594360925422565245e+00
2.416168224112117624e+00
2.201344156148273612e+00
2.232676331221677302e+00
1.953828267342650804e+00
2.656084794797501036e+00
2.390909124219951831e+00
1.829628645703661460e+00
2.071899161251125498e+00
2.184594536541322185e+00
2.315662753459019285e+00
1.725633187862417817e+00
2.110042577622500914e+00
1.850372975337339021e+00
2.495990950181143919e+00
2.386742878503694598e+00
2.520155195445811014e+00
2.477002231947983191e+00
2.746220901999294028e+00
2.194702973914458344e+00
2.498526604358165759e+00
1.810154440655860508e+00
2.348462075345976174e+00
2.631316224858704533e+00
2.030220435936977985e+00
2.026678379039633437e+00
1.251682126138653928e+00
2.520593875513647664e+00
2.383383103503820877e+00
2.123011549146772481e+00
