1.254314357171873340e+00
1.369764975032002230e+00
8.205038403621485177e-01
1.330554819430921354e+00
1.303859700822587175e+00
4.774759408415990003e-01
9.838939507693076347e-01
5.947943360447649486e-01
6.106484744129760944e-01
1.989434190744110875e+00
2.216341149535454136e+00
2.064202861126838151e+00
1.753342791758818020e+00
2.067862015715651758e+00
4.388062726451024131e-01
1.647463597163214111e+00
5.758064529503490458e-01
4.293007280673832304e-01
1.375488124733763362e+00
7.575040774487256101e-01
1.076076184089322707e+00
1.110381353132844362e+00
2.629073392477638271e-01
4.219266332033673739e-01
8.292170908223843728e-01
1.457081398044719700e+00
1.034303878226271456e-01
6.629799348082406896e-01
1.121266613172118731e+00
7.479815261441166152e-01
1.351736546562243957e+00
8.075751092840909307e-01
1.141302103440213322e+00
1.216057964344410713e+00
9.423516184441012022e-01
1.145120127154141354e+00
3.606917850283359872e-01
3.614045685526561247e-01
9.843534658215729038e-01
8.176212093686838767e-01
1.749474615343168393e-01
9.946838193732630007e-01
9.914374040337956551e-01
1.970983837964560115e+00
1.027827235537963180e+00
5.675265001617588734e-01
2.409125674959571028e-01
1.211127112224445579e+00
3.156352422777111699e-01
1.516012287007222348e-01
2.980771524687684249e-01
3.506464581519823098e-01
1.462438882397923745e+00
3.299380989543865272e-01
1.263213326298070704e+00
8.703450068178633092e-01
6.378806244452923657e-01
1.284105151521593713e-01
6.649888970836749236e-01
7.224837918523281388e-01
1.944479200046796696e-01
5.589944557315719154e-01
4.690190497823746862e-01
4.913753610669215899e-01
5.886105477026177812e-01
7.348319594265521060e-01
7.531435714686973704e-01
2.004396009714755955e+00
2.237410671792270822e+00
1.903940393505292095e+00
1.063569341401411350e+00
6.946899992064141660e-01
1.401895725923407499e+00
1.855502128023262420e+00
6.693462980912208149e-01
1.178647318605704930e+00
1.081647702107606746e+00
1.255758125697072680e+00
1.435019965455570423e+00
7.795305819580951034e-01
6.864387469385651031e-01
4.009262042750039168e-01
1.375806921015739315e+00
5.447710549751194620e-01
6.699574926285926102e-01
5.197239529698394200e-01
9.379304952189843059e-01
2.213343008640924481e+00
1.416204196534776028e-01
9.609053696561598024e-01
6.423723086126958970e-01
3.723503662287861449e-01
9.290276772956306273e-01
1.720639895409291853e+00
4.845913075002181714e-01
1.333751857173199218e+00
1.364123705931112651e+00
1.302609156068911034e+00
4.281197783356148756e-01
1.652136720809051385e+00
3.724167279831861466e-01
1.553917720708479999e+00
1.199534390567906339e+00
1.340882569870188168e-01
6.927755488784973492e-01
2.198620038942757371e-01
9.281131269975010367e-01
8.748654122424968094e-01
6.908016824273088830e-01
8.561279320289463257e-01
1.604612999344653179e+00
7.120099415098590789e-01
5.312339073264472633e-01
1.315892745064018765e+00
3.290560255809891199e-01
2.487052304522724966e-01
1.816322916553355427e+00
2.851376402037898439e-01
6.970612496500938615e-01
4.955416822309034464e-01
2.976138034018138145e-01
1.301382714086694481e+00
1.518732327498253598e+00
8.011534449834628591e-01
4.730072902045983074e-01
3.002602099157075655e-01
9.461556774190005292e-01
1.236832530144783782e+00
1.338953297128963271e+00
8.747977057826001879e-01
1.327324334084891699e+00
1.219467624862483834e+00
3.344770822579141156e-01
2.124566009905631547e-01
1.030534724168259419e+00
6.721388557490077797e-01
3.431559313779022902e-01
1.208504881528067010e+00
1.098139351973795419e+00
5.909971324963959605e-01
1.431333070719177591e+00
1.026635460454160265e-01
3.600654076348582255e-01
8.202766080164314300e-01
5.621175847244929136e-01
1.219990791866930380e+00
1.103533120387034216e+00
7.448553623859558437e-01
5.870608142595254986e-01
5.778149997860519971e-01
2.120546165788574910e-01
1.191241669422006932e+00
4.896211575569899277e-01
7.163099762312999941e-01
5.433475164117665956e-01
3.429074825779175884e-01
1.966078184424321584e+00
6.900429354710521657e-02
9.430253157827998001e-01
4.971957980359252849e-01
1.876575710953602316e+00
1.137854341747236209e+00
1.905327523089593411e+00
7.040976432961313369e-01
7.007278995029129209e-01
6.153320709494748408e-01
7.963117829571195738e-01
9.452942195007475457e-01
1.148964393295799136e+00
4.164922081798525522e-01
2.759953415572972135e-01
1.461441395779290664e+00
1.163776442604101291e+00
1.362941289107683362e-01
5.912470762349562037e-01
4.001857080299097147e-01
1.529478052294273249e+00
9.186815586940655365e-01
2.074858566035796770e+00
1.387789357566198367e+00
1.009004764938850496e+00
7.119314072033088303e-01
1.313966388825366316e+00
3.216857504205877794e-01
2.797357476954169808e-01
8.073520308882968788e-01
1.442405976197890016e+00
4.663588077123987929e-01
7.909453176578441491e-01
8.522098761690182211e-01
1.640943618853717201e+00
1.175034131922954028e+00
8.804299421398654735e-01
1.940914626735365633e+00
1.758525451534708461e-01
3.134408224370222040e-01
1.499378358193022676e+00
7.494299667313613078e-01
1.041312794576306544e+00
2.978422657599048562e-01
7.861806525885255414e-01
1.703506066365606753e+00
1.522884856075787052e+00
1.018207881206975696e+00
1.259181452765215647e+00
9.742992518501012444e-01
8.256011067655943947e-01
9.568484519826616630e-01
4.536044109323781881e-01
4.726363717580899237e-01
7.028215354249440772e-01
2.765585511480133096e-01
7.084104410176536026e-01
6.331745127106455651e-02
9.947612488179941037e-01
2.723802407802800585e-01
1.905445531012859295e-01
6.105826681800474720e-01
8.721424390047273212e-01
1.365112238239936771e+00
1.849271635950143322e+00
1.373177339374074046e+00
7.215678737875574900e-01
5.037753359947201304e-01
1.586282500154191366e+00
6.066419560708894432e-01
4.279256901709628802e-01
8.782100568451368661e-01
1.227880505524222787e+00
9.175360899530925485e-01
3.679012123590972294e-01
9.191120807229331557e-01
1.494918116974502720e+00
5.722974568292988895e-01
6.585841330325126197e-02
1.674894210217476864e+00
9.125572330504854168e-01
2.056864592852457874e-01
2.868536216328996802e-01
1.057786517272937044e+00
1.016705723505032521e+00
1.547576233817404168e+00
1.159711010359064876e+00
2.133273917977263068e-01
1.578351876409254340e+00
4.297851353797017548e-01
1.488507383476620483e+00
1.303235269261141305e+00
7.569989874109432915e-01
1.582146183322358679e+00
1.840583831072440724e+00
8.799449992637589091e-01
6.205537472669716559e-01
8.375210419198655387e-01
1.014663381140043175e+00
9.714057651928500459e-01
1.454492080762268102e+00
1.573892965251729947e+00
8.898817205943656550e-01
9.488393371868855120e-01
9.529347689737260874e-01
1.067775274012538578e+00
1.211758425463128397e+00
8.569789423291873653e-01
1.096494962506024740e+00
1.492767207362799331e+00
1.111246329621719209e+00
9.497143298445085424e-01
7.674716849870354407e-01
5.224675235712586963e-01
1.339695346873246873e+00
1.574686501536763039e+00
7.155289040922437893e-01
1.046835001475983962e+00
1.367125691621649208e+00
5.101881698617032335e-01
1.514769188844853121e+00
1.148903321237530362e+00
7.127179026367893577e-01
9.177835785342374209e-01
7.423750230320477206e-01
2.543275531394822986e-01
1.285052717994056848e-01
1.015357135049582027e+00
1.669082044324997183e+00
1.448487004273081080e+00
7.699592800869297093e-01
7.920623863137572496e-01
7.749309984757172254e-01
1.597302597752259246e+00
2.871315821859409811e-01
1.113429311669891897e+00
2.293734474392950862e+00
1.139348447766167505e+00
1.300273818298090411e+00
3.514603134649001426e-01
2.938819819466901295e-01
1.508005883826835536e+00
1.311678941823735567e+00
7.445485687030132249e-01
9.452977049844561996e-01
1.609927732739075523e+00
4.709986794334261595e-01
9.453610358745354603e-01
2.024837896376798341e+00
1.002643910724904552e+00
2.268116600230610791e-01
1.147863530037257718e+00
6.844292343066939177e-02
7.779932432758278615e-01
5.336776753794487682e-01
2.921891481247742561e-01
1.414962184289340064e+00
8.085872491246187677e-02
5.711312381016597772e-01
1.874502549016908937e+00
3.459439132714620668e-01
1.061600982498644097e+00
8.506735992617593389e-01
1.067214773809538109e+00
4.492232646134434182e-01
1.464753396653114548e-01
5.220863205197536772e-01
1.754966890171239191e+00
5.721742501547587567e-01
2.646117778980738855e-01
1.087738084011378170e-01
6.843244390583772541e-01
6.138716365200734826e-01
4.408037506865587485e-01
4.351574476016984994e-01
4.305042213438528553e-01
1.111675761751438118e+00
5.443931990971815349e-01
1.623905155537155531e+00
7.857281531470132752e-01
5.738765567764613218e-01
1.351434776144461170e+00
1.208115925765189225e+00
1.036708813497672521e+00
1.008099659545288018e+00
5.913008069403170586e-01
1.378178965467409478e+00
1.530699994474813863e+00
1.840931171554574419e+00
5.808759828318251772e-01
2.765227183876000638e-01
6.676819627095036402e-01
3.144041820656297559e-01
2.898255150148403847e-01
2.194176801018962730e-01
1.615477830882735999e+00
1.399132075600401315e+00
8.505680848448164966e-01
1.420850370816134411e+00
3.884507344365135673e-01
9.603107697736167347e-01
1.542937413171666661e+00
9.203766951849025046e-01
1.425857859018549778e+00
9.694210776417861997e-01
6.707507717987255536e-01
6.414260454869247230e-01
1.132521539515048303e+00
4.902849447056426002e-01
1.172318564302768706e+00
7.466773965559094783e-01
7.273571335005469818e-01
8.632417812210104735e-01
9.158708557469552591e-01
1.005947290136297800e+00
5.535914026952670763e-01
2.176437544502475285e-01
1.238554238036485566e+00
2.640878989114704978e-01
8.130615850790814392e-01
1.011144119670980057e+00
6.017988949630275197e-01
4.824625007473684057e-01
7.465852139753079708e-01
5.382946088263117490e-01
3.729762161575493895e-01
7.093886466258635393e-01
7.171763851697977588e-01
1.917249673490099560e-01
6.511924105470093815e-01
1.497811157498732726e+00
4.268784764764803064e-01
2.716519851170526856e-01
2.087620527505992474e+00
9.724712679203406651e-01
1.167706384726405755e+00
1.167546522135943121e+00
2.389655899289666874e-01
4.394628840044374485e-01
8.236782287164056138e-01
1.144076124148677653e+00
4.878595694500873492e-01
1.189511210201835034e+00
5.793965705348758100e-01
3.081543549921907377e-01
8.216367620105993197e-01
3.099202210621035403e-01
8.351087767298671638e-01
3.930183199885869394e-01
1.055117207600551943e+00
8.209866428813773487e-01
4.885708740699085673e-01
1.174054282812366345e+00
1.403768013221249333e+00
2.089346126716637997e+00
5.763707092424855682e-01
2.129919936168412908e-01
1.257884131648294268e+00
4.973844167295989882e-01
1.487740213018008406e+00
1.149439300546448273e+00
1.290301836028387106e+00
1.433631077832666856e+00
1.535931231246340012e+00
5.675998648075111230e-01
1.718377744815562935e-01
4.466603302364959838e-01
6.716670575756922279e-01
4.602794192807885265e-01
6.425734938738215662e-01
1.229089072615798583e+00
1.648582003022389442e+00
9.031805689743315213e-01
1.516903343988258157e-01
9.063266632178180737e-01
1.004838176215948398e+00
5.202622546298381057e-01
5.790452983953504607e-01
7.259889762987917772e-01
9.506935936814552290e-01
1.110484285136364102e+00
7.175863154753530093e-01
7.613693732327353469e-01
3.132289042108964416e-01
1.418006852315308652e+00
7.298113054390830134e-01
6.648559574062126165e-01
1.199828726012120983e-01
9.238781179489616857e-01
1.081890863061581332e+00
5.727108510970614352e-01
8.199544656948634103e-01
1.662037515055995840e+00
4.313707619208723143e-01
5.725084515895426662e-01
7.074780259706703323e-01
3.393032929094457195e-01
1.179736280373576918e+00
1.085903435901902636e+00
7.969314681639640963e-01
4.195304021893768720e-01
5.513536299352620462e-01
3.408599558616875469e-01
3.334724785575420292e-01
8.793418463926856443e-01
2.814401251457308017e-01
4.466785986619065119e-01
8.456739770041397097e-01
9.013139381796740901e-01
3.774141049038371443e-01
7.861712687759777607e-01
1.382475151719765760e+00
9.455819343198129667e-01
7.050898383731910579e-01
2.705224032366371212e-01
7.892555322778208593e-01
1.818658719168929405e+00
6.924249759001375182e-01
6.407959372360350070e-01
6.275299950340784694e-01
1.606039644867228444e-01
4.976773249773951135e-02
6.526395732044383280e-01
1.959949034597080031e+00
7.543997595448114213e-01
8.822335209801992484e-01
6.505234622175656289e-01
1.013121420525726846e+00
7.382100663859183509e-01
8.779593936684224609e-01
4.764605835302825332e-01
5.630148931563785930e-02
1.373356669641302874e+00
2.658912641251593434e-01
1.113211217453774937e+00
1.669026006686154640e+00
8.657141417378859671e-01
2.549811800849559607e-01
1.145619012115079549e+00
6.807814934632963055e-01
5.361329374281220694e-01
1.329833228357364838e+00
1.820890424933168106e-01
8.202356502727508047e-01
