2.283005699697763458e+00
4.073113460242430706e-01
1.364029929572047495e+00
1.421808568966535402e+00
9.959777635683095820e-01
2.494144505031982817e+00
1.097781954668459736e+00
1.022740449571152510e+00
6.804779905089729519e-01
8.082154186601644419e-01
7.305090551143927913e-01
8.787552529281923430e-01
2.210202121712386170e+00
2.599376018928669652e+00
1.913936529295797273e+00
1.948716603978058348e+00
2.229284502302212978e+00
9.085734819567189424e-01
1.700064414123529044e+00
1.296756887613123910e+00
1.241201375806422202e+00
2.087665417343907759e+00
1.815378866066396757e+00
2.179999495635387419e+00
9.173741043799936712e-01
1.106026821598949939e+00
1.873249827415389923e+00
1.518596670842942142e+00
8.906671617301255006e-01
7.457244861232925626e-01
1.331332373859871465e+00
1.786874461585619800e+00
9.164169487637718881e-01
7.007612457850939114e-01
2.836294289220334441e+00
1.045099173865905673e+00
2.428938023537735802e+00
1.969032527107600350e+00
1.828002640145475421e+00
1.031896597027273321e+00
1.385335240769975496e+00
1.668017008503194676e+00
1.394040570035700144e+00
9.726460850575492367e-01
1.576041489384852001e+00
9.603474655075368016e-01
1.188060620245743770e+00
1.863405689399782794e+00
5.658814380188419424e-01
7.556948367575088144e-01
2.077050174051003673e+00
2.265917421516139729e+00
1.487367940987465831e+00
1.844451759729451634e+00
2.224591374762915574e+00
1.187335797232004886e+00
2.803345741148362880e+00
8.040481592259498544e-01
1.664655241121942630e+00
1.173087186866195619e+00
2.086036450508428786e+00
1.004331688371840947e+00
7.586178317667546800e-01
1.655870333800771199e+00
7.716040439133129425e-01
4.963235226467976879e-01
4.903339878249216577e-01
1.220669350135123121e+00
1.666165028868647813e+00
1.828493556569898093e+00
1.445304013619499672e+00
1.550454081131111161e+00
8.005515358225532285e-01
1.642926437969608466e+00
9.829304412711077354e-01
2.378831695330506868e+00
7.578010670723266395e-01
1.693125522906771430e+00
9.482937962416501110e-01
1.447819444298316771e+00
2.285744217022691149e+00
1.986873112010569375e+00
1.819115373010319114e+00
1.743812928643270865e+00
2.580664532727566129e+00
2.134216287187639338e+00
1.787850623840656406e+00
1.637962427714009905e+00
2.261645287945948102e+00
6.439805200122163953e-01
1.751092497054538732e+00
1.266332359786594086e+00
1.862525477378782712e+00
2.457011010244619875e+00
2.541892082998363112e+00
5.914227845220889623e-01
7.993570490873150858e-01
2.150355499041759710e+00
5.952271600586540590e-01
2.047370797268150078e+00
1.706899577697146064e+00
2.209285116006031391e+00
6.178928223211208604e-01
1.119250180402297179e+00
5.498460092205764704e-01
1.437871624816525973e+00
1.333514683625922626e+00
8.035635660988027507e-01
6.828126519881831946e-01
6.642202528101115444e-01
1.431365750896432587e+00
6.788067804487233348e-01
1.315338890967630014e+00
1.546428505375183837e+00
6.059261706590187702e-01
7.096893150961998131e-01
1.389188234612996453e+00
9.825963796001206951e-01
6.074835393291364571e-01
8.247098471764873207e-01
1.689709780366279723e+00
1.980488086759180977e+00
1.912681682489641988e+00
2.367970728777508249e+00
1.064694587349960919e+00
1.575449869516485357e+00
6.988906834237154087e-01
8.207681830280895152e-01
7.695869646643083151e-01
2.532404422404607836e+00
7.978449274679836334e-01
2.595334930770623938e+00
1.598907660975771527e+00
1.274800146781330135e+00
1.898414503531792308e+00
1.320553013746193383e+00
2.049506421130960820e+00
8.108116976417751864e-01
2.232379326935514108e+00
1.782305927960062153e+00
1.695369707316434660e+00
1.925440193443034964e+00
2.586068698680504596e+00
1.362161848001399278e+00
1.018837241648374414e+00
3.134867959471667187e-01
1.755562004989476010e+00
2.033091180371871254e-01
1.476234825416727015e+00
1.830387573977818594e+00
1.905152637568212182e+00
4.359591094077946982e-01
9.769889183847293435e-01
2.229037557106905432e+00
4.461664700118573856e-01
2.008807626144512248e+00
1.192363842894382131e+00
1.332384948411234227e+00
3.632555668781441982e-01
1.735794123715846293e+00
1.095115529703581281e+00
1.283167996315060844e+00
1.685913751558319573e+00
2.689554113655053591e+00
4.556347185634236352e-01
1.300489483050874417e+00
2.031638334449509031e+00
7.245612767928113485e-01
1.236969602107037103e+00
2.076991589123293735e+00
1.949291821163623650e+00
1.961876448869226186e+00
6.629274344479687553e-01
1.285453181445334270e+00
9.352166674995368023e-01
1.127554723359997624e+00
2.653060903997053188e+00
2.625369447544550816e+00
1.173658675141308727e+00
6.550183926341637264e-01
2.226317738414740788e+00
5.274964502259607002e-01
1.285941291296708977e+00
1.593205190876561428e+00
1.914259878482013288e+00
5.667258347985142386e-01
1.436828826268841119e+00
6.830622355910658250e-01
2.089968039861369142e+00
5.431946243920932060e-01
1.474213051881678727e+00
6.816907658989287411e-01
2.498893094829029771e+00
2.297982646774083371e+00
1.610004192568353032e+00
1.603882462776020645e+00
1.598078599964403601e+00
1.284905534225758261e+00
1.516896093487178909e+00
2.155853126239740902e+00
9.434303172303071250e-01
1.123294757433930036e+00
1.506349830576347859e+00
1.801974011349433358e+00
2.674380963900440555e+00
1.394406307201310646e+00
1.412307835211448204e+00
1.229312457367828904e+00
1.007071442876841250e+00
2.071522058015846657e+00
2.618107836257142829e+00
1.315573932016099068e+00
3.146939925233550595e-01
1.890315625809345867e+00
1.102241586193108525e+00
1.771297360153752720e+00
1.263524652779203228e+00
1.112843808044469585e+00
2.585829705114993438e+00
1.722391059605945962e+00
3.548973777113353933e-01
1.055524895075655722e+00
4.370434694084320837e-01
2.398604322754609441e+00
1.495032843732647887e+00
1.846627986062958193e+00
1.494874311325164129e+00
7.246245828267779965e-01
3.185615270913293440e-01
2.159825988526420382e+00
1.453097658854859198e+00
1.487096931666813449e+00
4.000598761623293531e-01
2.096558912643490036e+00
1.958444762956636831e+00
2.278840851081846530e+00
1.127857979301913005e+00
5.097059940641366360e-01
1.200024555771689982e+00
2.648188911389487199e+00
2.378389899570160892e+00
2.039405732199325527e+00
7.201176934919029105e-01
1.329139927375070140e+00
2.394965344454150102e+00
7.767267304171991960e-01
1.780669550040520743e+00
2.064132576605556935e+00
1.576008685260650743e+00
8.986332987737402078e-01
1.031384982003011430e+00
1.445508759494743112e+00
1.839528157787924112e+00
1.094770660010745189e+00
1.963557476393113843e+00
7.478746294429942099e-01
2.203363015158975369e+00
1.722337056662792687e+00
1.814012275879639535e+00
1.865566305027327676e+00
2.558248590748254614e+00
1.692657358644679366e+00
1.565737462732837759e+00
5.438870376506342863e-01
1.971991208507077431e+00
4.944389784265189602e-01
2.169428517210735485e+00
1.626231581879113541e+00
1.701794819559208749e+00
6.536600842735336148e-01
1.028404630154850841e+00
2.263016366210188757e+00
1.064230109991154638e+00
2.259147442486151736e+00
1.087671860189371786e+00
2.399073333141545916e+00
1.501152174882738333e+00
2.130438746497272273e+00
1.903518431537051026e+00
1.222567317055656577e+00
1.022436508848505898e+00
2.700286321444632431e+00
8.721422159397360652e-01
1.737306993953862122e+00
2.116375983161440821e+00
1.342013727403109424e+00
1.367180049829094468e+00
1.143661905275905388e+00
9.474762197013542053e-01
8.003501179010700239e-01
1.034487505340823565e+00
1.240789285906374939e+00
1.209484106609154397e+00
2.107484814820216101e+00
2.175225924628811480e+00
2.167931302970355301e+00
1.243248737963452921e+00
1.466948159819969622e+00
4.741325487987146925e-01
9.779207081702991911e-01
1.285809951827108222e+00
1.629601389697264757e+00
1.632434293957224725e+00
2.029930203043354142e-01
1.875279175069296089e+00
2.353983313720874548e+00
2.315696802704095170e+00
6.851097095921537816e-01
8.697720454265240875e-01
1.101661310862616538e+00
1.719609000402781529e+00
1.568122030568083414e+00
6.024957970264273044e-01
1.351970082866258416e+00
7.003867692963382519e-01
2.382066210075537871e+00
2.656713984450747468e+00
1.842798984358565040e+00
2.346685750439589491e+00
1.074374391563190922e+00
1.903333267778523519e+00
1.389745074669063163e+00
1.740871666615422919e+00
2.394545761759126368e+00
9.898772898174592605e-01
2.657720274186526233e+00
2.222998394719017945e+00
1.493533218653581240e+00
2.352567574699082176e+00
1.044957031773073863e+00
1.310682999319809694e+00
1.313649395117233443e+00
1.534051313253820936e+00
1.855595283637847315e+00
1.410797039572966316e+00
2.899509119704564153e-01
1.085231144488664867e+00
1.732248127233203316e+00
3.889323268482903773e-01
1.222087896672358731e+00
1.273049936238947577e+00
2.507825895113521497e+00
2.449485453189576667e+00
7.096677869940231087e-01
7.838838878971123858e-01
4.505726867835955218e-01
1.882792323571334858e+00
5.086411035160651739e-01
1.434820604621980689e+00
1.042230103927496820e+00
3.009226975204881693e-01
1.994425376701198349e+00
1.773167973174570866e+00
1.350214335469481330e+00
1.331253686044262752e+00
1.355562387216203923e+00
1.568910161639888390e+00
1.941150417873721334e+00
2.055675449587469394e+00
4.351608035469219371e-01
1.765371013714124082e+00
1.553064030424490038e+00
8.218257398011883375e-01
2.028692518442165138e+00
6.571001526589227426e-01
2.118983855743848288e+00
2.427016399302500016e+00
2.263533112626526123e+00
1.659057506672462878e+00
2.156748179495367790e+00
1.723283260982813925e+00
8.477353002719389963e-01
2.114083689691169887e+00
1.977487352847131508e+00
1.909746566241414256e-01
1.211855232354666079e+00
4.738132933971716532e-01
2.764174804695984644e+00
1.867873093919170779e+00
6.828224931152901966e-01
1.479151347047705567e+00
1.195999755923331964e+00
2.185651398380720423e+00
2.752410980594811818e+00
6.315658643713337184e-02
1.182686493436040154e+00
1.103248349442970344e+00
2.180166756385601978e+00
1.694067371503003683e+00
2.352447988675586465e+00
2.463554145019022368e+00
1.016251888738974651e+00
2.501122282800163910e-01
1.134554782269018514e+00
1.471732320728853960e+00
1.614075101063907614e+00
1.416820541582578308e+00
2.839432635833925467e+00
2.044688994087537015e+00
1.959971221551415121e+00
1.351642038899179887e+00
1.937982802681072814e+00
1.798388197115681209e+00
2.023548308040830523e+00
2.147778311479155100e+00
1.541190253613709871e+00
8.026800178871569269e-01
1.558935851156922681e+00
5.335035363158887600e-01
1.453608942322344832e+00
1.769862626534143502e+00
1.871610935889747473e+00
1.535932844765257599e+00
1.490265177696862509e+00
2.245514262444940456e+00
1.723463336989053740e+00
2.192552305483645547e+00
1.280183309052132845e+00
1.648570788352865746e+00
1.801627938573941545e+00
1.012740414789572441e+00
2.517704401286075644e+00
1.400459181461753744e+00
1.448357485192144134e+00
7.048857629358624699e-01
6.622222671158659590e-01
1.982484817833857216e+00
2.500171234505891960e+00
1.228363451840593257e+00
1.114578413509565102e+00
2.253778140601054414e+00
1.158232739041465065e+00
2.545757910412905556e+00
2.733474594672201108e-01
1.123353346239251538e+00
1.754850939914619046e+00
9.104906875750049533e-01
2.544064118899547200e+00
1.519895578509482759e+00
7.193419786965824514e-01
1.275009681129189998e+00
6.320548620937521678e-01
1.071418832973742186e+00
1.752337434138264260e+00
1.919485219723589431e+00
2.140751942206908787e+00
2.418872704885613789e+00
1.424004776516470283e+00
8.617951108993320286e-01
2.376786874426063179e+00
2.384113060550013152e+00
1.404336701618413619e+00
1.415052795695074028e+00
2.413797980549143296e-01
1.372010087707583592e+00
5.328708975336088338e-01
1.528626920604687189e+00
1.690427812126090445e-01
2.289013280924212523e+00
1.748353603130627487e+00
1.497280201811325373e+00
1.195263994274362140e+00
8.586335488433336494e-01
1.362412996805872356e-01
2.417517181810158178e+00
2.626510372481241973e+00
2.313842771576822610e+00
2.585074009141028917e+00
2.443232973092322347e+00
1.971169175768382242e+00
2.281065424949174636e-01
1.301225721805174596e+00
1.556723131079369438e+00
1.620597756961236424e+00
2.010063937847057502e+00
1.565162190331002012e+00
1.460422594152669618e+00
1.780453366261129100e-01
7.951758894574867398e-01
1.743635795904572294e+00
1.546353562188005348e+00
2.325201036096531837e+00
1.837481376272202871e+00
7.855474204480892286e-01
2.017699792718580021e+00
4.726070658736126751e-01
1.627183487806170392e+00
2.250580042123075941e+00
1.308482017029890976e+00
1.717558480992772640e+00
3.359524541477797444e-01
5.858362219574072549e-01
5.505641348706784566e-01
2.091023496680227911e+00
1.061535201062560940e+00
1.317000499991363593e+00
1.319590239501103879e+00
3.765813264205725153e-01
1.843559123550446266e+00
3.857470878536272130e-01
