5.611181260923682190e-01
1.631996087061741818e+00
2.288397871939782835e+00
9.292172037843733357e-01
2.915959958030232890e+00
8.562370724270058631e-01
4.212788440158786729e-01
4.604892555188541126e-01
2.057756377288017635e+00
4.821583768577133444e-01
2.576664429979968141e+00
1.653724814352480976e+00
1.064400066011087276e+00
1.104164545316679735e+00
5.338267320235815516e-01
9.848649763693247960e-01
1.880361026551272907e+00
1.087796781197637452e+00
1.613909794441978907e-01
1.631848289899146875e+00
6.225667420379773498e-01
1.889023645477004854e-01
1.757303924923155236e+00
9.698659518538832458e-01
2.616743740942599761e+00
1.301971857033240809e+00
2.175863108168131888e+00
1.369842391370204027e+00
7.502711658248684135e-02
2.906409198475366384e+00
9.811060393273437485e-01
1.762500527329514011e+00
3.898587816962558739e-01
1.347255069187240917e+00
2.991642890335564964e+00
3.811213956480189458e-01
1.040410463747705627e+00
1.510569736291179854e+00
2.007038969656250060e+00
1.526260053852952492e+00
2.525317499152309075e+00
2.772083408993903486e+00
2.628523352185942574e+00
9.811865463223256034e-01
8.870167533211069655e-01
7.844917685664161144e-01
1.742996757498417315e-01
1.193570800133117782e+00
3.543163208023758504e-01
7.989451100202391576e-01
1.127002399800775212e+00
5.299559903299453367e-01
1.352520127570870923e-01
2.865365707012869301e+00
1.591458700112240887e+00
1.321724496250190617e+00
1.505468697211603146e+00
1.312189407672494035e+00
1.945523401347153625e+00
5.466856974204830077e-01
2.693329780989293987e+00
1.025036774740882839e-01
2.248620996624798307e-01
2.191555395639595005e+00
1.959133545378543007e-01
2.989404625222844558e-01
2.365461698181205108e+00
2.547055829109409864e+00
1.898787499904035725e+00
1.158001068937708489e+00
1.365843460622616856e+00
1.100147632841979473e+00
3.559588381382693401e-01
8.901051070930716680e-01
8.539324133747874246e-01
1.425133620367895038e+00
2.667067795458758273e+00
2.728842777661462549e+00
2.995950468624693830e+00
2.100534931537994865e+00
2.937597941984696703e+00
2.913508650405528311e+00
2.179338517432050537e+00
2.416218092323783928e+00
2.064231541189037511e+00
2.392819469942872868e-01
2.778136042991664834e+00
1.700789184227414985e+00
2.913865553195452707e-01
8.237605279687126858e-01
1.176129185458073767e+00
2.590671916522156337e+00
2.019678188347215908e+00
1.694640952733781347e+00
2.234067680129344646e-01
2.598923852126391765e+00
9.978451218937467448e-01
2.098828139854267416e-01
9.121117262036009254e-01
2.995869235920888274e-01
2.829194359557306804e+00
1.855409588237499907e+00
1.907581846364590383e+00
3.945732699994115578e-01
2.357911948179479023e+00
1.079354245527636813e+00
1.271248407435983108e+00
9.906692867213671150e-01
1.791571524362011392e+00
1.313431896084481298e+00
6.002521499756280354e-01
2.512574209531383218e+00
9.956883178812735435e-01
1.519575303151157186e-01
1.348232394987114890e+00
1.084359295932065592e+00
8.038929593225829784e-03
1.766506569113771574e+00
1.607246172370637716e+00
2.900458789644820179e+00
1.089322287812235945e+00
2.296470501995394597e-01
1.649976082822405488e+00
2.952807676488232502e+00
2.955721089558031700e+00
1.930238778006038158e-01
4.207175636336887292e-01
2.622558066666389465e+00
2.192802546380260509e+00
8.228801184729739315e-01
2.779803137680850744e-01
8.755278537153566853e-01
3.058883636200583345e-01
1.623218928991030818e+00
2.328807045094612782e+00
9.324402079155842404e-01
1.999111707757587286e+00
2.751012379369273564e+00
1.531231599361174034e+00
2.335646251057347911e+00
2.067944081613884322e+00
5.170120343969952792e-01
1.902644739818623698e+00
1.583016272401293945e+00
3.116760609842326168e-01
1.005314509460453198e+00
1.563700359583297672e+00
2.186521551633860305e+00
2.065175593851612312e+00
1.360033812359706218e+00
4.323753986083811451e-02
1.799366958898230395e+00
3.670743112109076112e-01
1.594462000919152356e-01
6.768653883559505591e-01
2.780697058545550160e+00
2.159786682641874123e+00
2.845755778480390408e+00
8.292126944076216866e-01
1.410338303130870941e+00
1.442521270237694164e+00
1.981398457039574623e+00
2.184774187968517634e+00
1.811831429899939394e+00
1.847221447605299272e+00
2.026015794838889050e+00
1.093201287812267664e+00
1.050113690716326875e+00
1.683346413100854644e+00
1.747206694685274897e-01
1.532505764704209739e+00
4.448810888498261340e-01
5.965065291267475089e-01
1.493811874404104678e+00
2.340881087548799755e+00
4.559640110426721460e-01
1.030153010664796920e+00
2.442633710754190890e+00
5.871302822224159224e-01
2.181283809535365048e+00
2.183294224554114038e+00
2.878127007934746739e+00
2.171028978346438709e+00
1.197165194887969575e+00
9.337829622727726875e-01
1.058476805498759443e+00
1.455506903281782449e+00
2.679097475794635308e+00
2.463691264542242187e+00
1.112933270961693477e+00
1.409930033107121838e+00
1.647258575205753584e+00
1.711168236788456420e+00
8.747020571631181074e-01
9.858236069825637715e-01
2.980922796258041796e+00
3.977308158235777213e-01
3.649599397051563887e-01
7.616108447438796336e-02
1.761923621606578561e+00
2.454593263817440807e+00
2.451671711655535990e+00
9.958540250576743968e-01
2.973788124031668811e-01
1.520779861955167789e+00
2.879603756254892843e+00
8.475971153405515990e-01
9.298365614323191863e-01
5.804781759093010640e-01
2.605567464376714604e-01
1.378964498161479035e-01
2.033599857767525165e+00
2.742415581150499548e+00
1.541327722266436329e+00
1.234405789219167104e+00
2.945112564905191910e+00
1.507386883078526862e+00
2.632911546935470248e+00
2.382635936605645099e+00
7.037914351493607112e-01
3.982508442384462555e-01
1.544740695328935320e+00
2.447034316061514225e+00
2.648735543064730802e+00
8.648096842462809075e-01
5.259317689715634625e-01
1.758225245688660454e+00
1.429730967376074080e+00
1.592544527321638093e+00
3.907373642008026282e-01
2.655599756655996568e+00
2.979979321327359543e+00
1.791942967468866943e+00
1.986873951006243644e+00
1.528602261383262828e-01
2.559657976290485415e+00
5.310857311716535856e-01
1.931549776628788795e+00
8.298158272948922276e-01
7.477241863646293396e-01
1.183728242463748526e+00
1.974659423714629103e+00
1.923672570477120258e+00
1.780420307827877746e+00
1.541605796586985822e+00
3.530460275824378602e-01
1.706986387879223521e+00
4.986646089260402537e-01
2.140495919946211689e+00
2.831362500842970586e+00
2.567552067152686135e+00
1.668533163779071238e+00
1.261423556369703824e+00
2.732341353638088499e+00
2.430645404706225143e+00
8.256372768236068804e-01
5.930528100359532262e-01
2.839655752107315578e+00
6.937015570585216562e-01
2.132799114825955300e+00
8.622014087391672854e-01
2.459623800226962143e-01
2.250917395116643682e+00
1.540256138141818054e+00
2.609451746972112574e+00
9.987467993672967115e-01
1.118146065314341797e+00
1.518665602129998238e+00
2.692084333646936223e+00
1.395610501095259082e+00
1.535197580437102971e+00
8.767315461089630890e-02
2.112303721905613774e+00
1.041411731080419623e+00
2.597911737891390072e+00
1.317742111052197185e+00
7.086682134452189086e-01
3.538821018513311767e-01
4.195759768797070466e-01
1.076265441903606401e+00
1.539025633621768030e+00
7.216537292838098860e-02
1.896365942898071477e+00
1.931440649223731043e+00
2.136223248094189398e+00
2.849694420422588692e+00
2.320408353062128448e+00
2.329445839104314908e-01
2.408172584677898076e+00
1.733034736284159383e+00
4.103556230543725647e-02
3.503775465389419308e-01
6.225317037499134010e-02
8.131302383554472879e-02
5.067104104257839081e-01
6.825437690624281961e-01
2.722403137949089391e+00
1.321860444501763876e+00
2.304317832629915852e+00
2.594783434555589796e+00
1.979721073711339319e+00
1.596870297713215203e+00
2.634152044328689879e+00
1.555920070177635672e+00
2.729186004234455343e+00
1.025208858509673249e+00
2.014077397119647950e-01
3.987325533244004960e-01
2.451631118712076951e+00
4.540766946240532009e-01
1.572363158195115185e+00
5.988430866111019713e-01
8.943732528266012949e-01
9.881414676773010441e-01
8.271567200673823894e-02
9.212194375101558919e-01
2.155072549568738172e+00
2.716035017676277086e+00
2.785634913452260886e+00
1.133040199546093696e+00
7.162208928890338999e-01
3.813934725491894273e-01
7.070830535466737787e-01
6.252361092823079947e-01
1.594120151682490993e-01
2.636328137196732868e+00
5.963089870341587995e-01
2.685785119740251581e+00
1.037846991254654849e+00
1.125165775933517187e+00
2.074293861272252570e+00
1.160664388773363198e+00
3.161810100822008973e-01
2.457581647907831179e+00
2.548142544580982882e+00
1.300719003128772311e+00
2.701982570425770280e+00
5.069817490735806231e-01
1.127846557313471498e+00
2.879334140377474593e+00
2.114454732371894519e+00
5.578393020576521977e-01
6.775306247885743982e-01
3.252932769322206541e-01
4.060201659198905411e-01
2.357254035633931100e+00
2.426221772087977513e+00
2.927692923699083405e-01
1.481755002052447701e+00
1.843112827556059319e+00
7.472787495840044203e-01
2.932501473765476874e+00
6.149032425781715272e-01
1.768387217067902473e+00
1.418434776684736942e+00
2.723874694707455024e+00
2.950525501689455155e+00
6.202896215093117727e-01
8.462099492618687657e-01
1.502045758427065003e+00
2.277475604431640654e+00
2.734968266056819530e+00
7.063206589504554822e-01
2.267493477718752093e+00
1.434004174880198823e+00
2.710708908549026130e+00
1.217485565300544748e+00
2.499766999673515233e+00
6.631000835981653019e-01
2.798998431449995827e+00
1.485272150887554821e+00
5.956734293857635087e-02
1.544332997828067544e+00
2.915385801174890545e+00
2.281350364169556055e+00
2.652819313266123746e+00
1.601853079397780100e+00
1.741142854032009080e+00
9.026725233527757020e-01
3.637670942002865226e-01
2.401504297308322045e+00
2.433452108285571125e+00
1.941416167505567003e+00
2.714286241615900597e+00
2.261686367191480862e+00
9.419584686405380047e-02
1.641498261056587804e+00
2.566451940926945952e-01
1.071617137036277922e+00
8.877702004614473896e-02
2.798434894178118526e+00
1.402451688128271368e+00
2.567745231214200174e+00
1.442962465003780448e+00
2.772281159300603370e+00
8.355529129596104276e-01
1.365935730735130527e+00
2.561594731831300820e+00
1.811124026212027616e-01
5.596958410678279927e-01
3.549550700873038700e-02
1.567232038058082200e+00
1.399912642859684642e+00
2.752188787636475453e+00
1.809413537514236170e-01
2.474479880350382022e+00
5.304539777467078832e-01
4.344485764511722969e-01
2.442392065350671437e+00
1.916288709626306375e+00
1.276210655935150484e+00
2.664880104530329419e+00
9.444698553380895811e-01
2.193985043245510802e+00
1.101913626745979258e+00
2.497574659576263123e+00
1.371591580688299672e+00
6.231704099232721061e-01
3.589336886500770207e-01
1.554121007128730581e+00
7.846849194974924169e-01
2.050529982173874721e+00
2.500135267834828312e+00
2.271517942906711607e+00
1.549608472960605443e+00
4.132955166671521408e-01
2.567728752747208354e+00
2.504180605730684794e-01
2.170865905009813357e+00
6.283640034848231304e-01
6.567287114212747579e-01
7.073506761122455577e-01
2.877618946139600897e+00
4.411340439723805407e-01
7.349107311997554737e-01
4.863039501261845476e-01
4.643337965234040077e-01
1.952789956825753848e+00
7.725491708768050803e-01
1.468823661564511163e-02
1.727531345542590469e+00
9.651701221182296120e-02
1.930040215246784818e+00
3.131201132639205298e-02
2.761950215319685764e+00
2.280539014398697883e+00
2.664777854944713198e+00
2.422453664802665330e+00
1.973473401918188763e-01
1.533516602781803018e+00
5.957191670375048265e-01
2.209615190594426348e+00
2.428899283120913744e+00
1.199930456614020979e+00
1.316632791371170619e+00
8.906855166351064224e-01
2.212705031134026612e+00
6.670863351201155034e-01
9.923447929290192260e-01
2.236590052614156221e+00
2.168137492551410528e+00
4.931883798815861475e-01
2.758464478352324001e+00
2.605693962204418845e+00
2.508934543613412504e-01
6.298897508602706585e-01
1.277658509747136462e+00
1.247409307626168307e-01
2.787590811117528045e+00
4.140337007357417498e-01
1.746206785969232733e+00
7.006198100919106553e-01
2.009510762819372243e+00
2.311783582893940370e+00
1.358340746271340382e+00
8.350998585132543006e-01
1.653721734183462688e+00
3.441098443908255922e-01
2.179379200471230682e+00
2.540383137968621252e+00
1.246907316829011902e+00
1.395044051807744490e+00
6.392283287095523736e-01
1.832190283728926339e+00
1.950347368028973349e+00
1.051072772448276016e+00
5.101505400020015513e-01
2.029248160785799726e+00
7.201272409575589784e-01
2.017125118615646251e+00
2.832876934286602033e+00
1.518566419039542259e+00
7.080925048886050899e-01
5.229753326244994671e-01
2.856146219391691776e+00
3.232342388946275458e-01
1.755938618631509796e+00
1.795624281363818575e+00
1.353768202466177684e+00
2.990897721363296569e+00
